Overlap Matrix (abs) of the orthonormalized projected bands for spin 1
 at k-point 0 0 0
maxDeviation is: 0.000165839
          1 9.53377e-13 5.49041e-12  6.5653e-07 1.20544e-12 2.18621e-12 1.83078e-12 2.73792e-12 3.27225e-12 1.32629e-11 7.38255e-12 3.70182e-12 1.02541e-06 4.62347e-12 3.33963e-06 1.91786e-07 3.44571e-07
9.53474e-13           1 2.37805e-16  9.3077e-12 1.69368e-16  4.4334e-17 6.10359e-16 1.51269e-16 1.63506e-16 5.57362e-16 5.43586e-16 5.84857e-17 1.45377e-11 1.18671e-16 4.73471e-11 7.02808e-12 1.17514e-11
5.49107e-12 1.95344e-16           1 5.36037e-11 2.93839e-16 3.49606e-16 5.52893e-16 8.55829e-16 3.49431e-16 1.36556e-15  1.7823e-15 5.48239e-16 8.37249e-11 8.61692e-16 2.72665e-10   1.655e-11 3.08138e-11
 6.5656e-07 9.30813e-12 5.36039e-11     1.00001 1.18282e-11 2.13437e-11 1.78744e-11 2.67289e-11 3.19401e-11 1.29484e-10 7.19741e-11 3.61402e-11 1.00112e-05 4.51354e-11 3.26029e-05 1.87243e-06 3.36402e-06
1.92861e-12 9.25921e-17 1.35267e-16 1.87946e-11           1 1.53438e-16 1.61104e-16 2.61662e-17 3.93657e-16 6.40388e-16 5.76888e-16 4.04143e-16  2.9354e-11 2.04526e-16 9.55997e-11 1.24167e-11 2.03808e-11
2.18629e-12 7.11221e-17 1.53382e-16 2.13437e-11 2.82146e-16           1 8.27435e-16 4.68889e-16 1.52762e-16 5.26242e-16 6.27783e-16 3.34623e-16 3.33373e-11 4.89245e-16 1.08568e-10 2.06695e-12 4.22459e-12
1.83095e-12 4.65838e-16 5.49153e-16 1.78742e-11 5.22581e-16 8.67212e-16           1 7.87199e-16 2.99072e-16 7.14129e-16 8.21118e-16 1.98377e-16 2.79181e-11 1.04866e-15 9.09203e-11 1.07646e-12 6.30425e-12
  2.738e-12 1.77561e-16 6.51917e-16 2.67291e-11 8.01819e-17 4.94536e-16 1.05008e-15           1 2.25235e-16   2.498e-16 8.86043e-16 3.15402e-16 4.17494e-11 4.37415e-16 1.35961e-10 1.19426e-11  1.7206e-11
3.27155e-12 1.45603e-16  1.0018e-16 3.19395e-11 2.00734e-16 3.79507e-16 2.97589e-16 2.60907e-16           1 5.86203e-16 8.12421e-16 3.24155e-16 4.98853e-11 2.28734e-16 1.62466e-10  9.7493e-12 2.20867e-11
1.35858e-11 4.96567e-16 4.75617e-16 1.32633e-10 1.48935e-15 1.00086e-16 7.97836e-16 2.88298e-16 1.21211e-15           1 2.76182e-15 1.11889e-15 2.07163e-10 8.54866e-16 6.74658e-10 3.65424e-11 6.64049e-11
7.63957e-12  5.1992e-16 1.26489e-15  7.4617e-11 1.60919e-15 7.52864e-16 1.33424e-15 5.23889e-16 7.95981e-16 1.58359e-15           1 5.39594e-16 1.16547e-10 7.61999e-16 3.79551e-10  2.6929e-11 4.01025e-11
3.70154e-12 4.33496e-17 2.82492e-16 3.61427e-11 5.56946e-16 2.46382e-16 2.54446e-16 1.86383e-16 6.04844e-16 1.48133e-15 4.81908e-16           1 5.64599e-11 2.85559e-16 1.83839e-10  1.5476e-11 2.67364e-11
1.02556e-06 1.45389e-11 8.37258e-11 1.00112e-05 1.84782e-11 3.33375e-11 2.79188e-11 4.17481e-11 4.98893e-11 2.02245e-10 1.12417e-10 5.64466e-11     1.00002 7.04984e-11 5.09234e-05  2.9246e-06 5.25437e-06
4.62324e-12  1.2932e-16 3.86513e-16 4.51356e-11 1.92008e-16 7.20788e-16 1.21175e-15 4.44694e-16  6.1972e-16 7.62469e-16 7.49666e-16 1.58383e-17 7.04986e-11           1 2.29588e-10 1.23417e-11 2.25413e-11
3.33958e-06 4.73467e-11 2.72664e-10 3.26029e-05 6.01718e-11 1.08568e-10 9.09202e-11 1.35961e-10 1.62464e-10 6.58639e-10 3.66104e-10 1.83843e-10 5.09234e-05 2.29588e-10     1.00017 9.52439e-06 1.71116e-05
1.91786e-07 7.02799e-12 1.65501e-11 1.87243e-06 3.84291e-11 2.06708e-12 1.07661e-12 1.19427e-11 9.74937e-12 3.50553e-11 3.94049e-11 1.54775e-11  2.9246e-06 1.23414e-11 9.52439e-06           1 9.22521e-07
3.44571e-07 1.17512e-11 3.08138e-11 3.36402e-06  1.8395e-11 4.22454e-12 6.30413e-12 1.72061e-11 2.20866e-11 6.08188e-11 5.96372e-11 2.67357e-11 5.25437e-06 2.25411e-11 1.71116e-05 9.22521e-07           1
Overlap Matrix (abs) of the orthonormalized projected bands for spin 1
 at k-point 0.266667        0        0
maxDeviation is: 9.60543e-05
          1 4.97512e-08 3.37733e-11 1.26947e-12 5.69936e-07 1.15455e-11 2.24544e-07 1.03996e-10  2.7305e-11 1.71193e-07 2.33305e-11 1.26281e-06 2.84305e-08 2.37847e-10 1.49498e-06 3.19892e-06 3.12449e-09
4.97437e-08           1 1.57704e-11 5.93975e-13 2.66145e-07 5.39181e-12  1.0486e-07 4.85614e-11 1.27514e-11 7.99218e-08 1.08941e-11 5.89729e-07 1.32943e-08 1.11061e-10 6.98072e-07 1.49375e-06   1.459e-09
 3.3773e-11 1.57708e-11           1 9.33935e-16 1.80682e-10 3.19611e-15 7.11866e-11 3.46366e-13 9.14349e-15 5.42683e-11 7.11306e-15 4.00349e-10 9.01393e-12 2.06338e-12 4.73929e-10  1.0141e-09 1.73282e-12
1.43857e-12 6.71484e-13 6.36882e-16           1 7.69144e-12 4.54078e-16 3.03139e-12 1.05407e-15 2.08234e-13 2.30988e-12 4.54029e-14 1.70453e-11 3.81229e-13 2.91083e-15  2.0181e-11  4.3165e-11 4.00825e-14
5.69963e-07 2.66137e-07 1.80681e-10 6.79257e-12           1 6.17684e-11 1.20131e-06 5.56374e-10 1.46083e-10 9.15881e-07 1.24817e-10 6.75625e-06 1.52116e-07 1.27247e-09 7.99793e-06  1.7114e-05 1.67158e-08
1.15462e-11 5.39187e-12 3.44647e-15 5.25939e-16 6.17683e-11           1 2.43359e-11 1.14369e-14 3.10162e-15  1.8553e-11 3.27697e-15 1.36863e-10 3.08128e-12 2.59895e-14 1.62016e-10 3.46684e-10 3.37924e-13
2.24556e-07 1.04846e-07 7.11845e-11  2.6776e-12 1.20133e-06 2.43361e-11           1 2.19199e-10 5.75552e-11 3.60827e-07 4.91752e-11 2.66186e-06 5.99483e-08 5.01323e-10   3.151e-06 6.74255e-06 6.58568e-09
1.03997e-10 4.85622e-11 2.10908e-12  2.3206e-15 5.56373e-10  1.1142e-14 2.19201e-10           1 2.81529e-14  1.6711e-10 2.27202e-14 1.23279e-09 2.77598e-11 1.28134e-12 1.45935e-09 3.12271e-09  3.6448e-12
2.73075e-11 1.27511e-11 8.62232e-15 2.04442e-13 1.46092e-10 2.53257e-15 5.75578e-11 2.64603e-14           1 4.38798e-11  3.3769e-14 3.23704e-10 7.28908e-12 6.17347e-14 3.83194e-10 8.19956e-10  7.9707e-13
1.71163e-07 7.99562e-08 5.42689e-11 2.03837e-12 9.15812e-07 1.85515e-11 3.60826e-07  1.6711e-10 4.38758e-11           1 3.74897e-11 2.02917e-06 4.56927e-08 3.82191e-10 2.40229e-06 5.14033e-06 5.02071e-09
2.33489e-11 1.09032e-11 6.93366e-15 4.38978e-14 1.24916e-10 2.26165e-15 4.92138e-11 2.30333e-14 4.73651e-14 3.75192e-11           1 2.76783e-10 6.23272e-12 5.18776e-14 3.27648e-10 7.01104e-10 6.83158e-13
1.26294e-06 5.89664e-07 4.00344e-10 1.50557e-11 6.75631e-06 1.36865e-10 2.66179e-06 1.23279e-09 3.23688e-10 2.02943e-06 2.76562e-10     1.00001 3.37018e-07  2.8195e-09 1.77214e-05 3.79204e-05 3.70381e-08
2.84673e-08 1.32685e-08 9.01368e-12 3.39829e-13 1.52181e-07 3.08306e-12 5.99426e-08 2.77637e-11 7.28898e-12 4.57263e-08 6.22796e-12 3.37233e-07           1 6.35026e-11 3.99013e-07 8.53919e-07 8.34058e-10
2.37839e-10 1.11068e-10 5.03462e-12 1.93133e-15 1.27245e-09 2.57836e-14 5.01324e-10 3.05865e-12 5.93654e-14 3.82187e-10 5.22044e-14 2.81944e-09 6.34965e-11           1 3.33764e-09 7.14186e-09 6.89237e-12
1.49493e-06 6.98076e-07  4.7392e-10 1.78273e-11 7.99791e-06 1.62016e-10 3.15102e-06 1.45934e-09 3.83178e-10 2.40216e-06 3.27388e-10 1.77214e-05 3.99165e-07  3.3376e-09     1.00002 4.48893e-05 4.38449e-08
3.19889e-06 1.49377e-06 1.01409e-09 3.81326e-11  1.7114e-05 3.46684e-10 6.74257e-06 3.12273e-09 8.19914e-10 5.14027e-06 7.00546e-10 3.79204e-05 8.53947e-07 7.14186e-09 4.48893e-05      1.0001 9.38194e-08
3.12447e-09 1.45902e-09 4.10778e-11 5.95953e-14 1.67158e-08 3.37819e-13  6.5857e-09 2.15082e-11 8.26494e-13 5.02068e-09 6.81377e-13 3.70381e-08 8.34062e-10 3.78772e-12 4.38449e-08 9.38194e-08           1
Overlap Matrix (abs) of the orthonormalized projected bands for spin 1
 at k-point 0.333333 0.333333        0
maxDeviation is: 0.000520576
          1 2.81748e-15  1.9816e-10 3.12161e-15 1.48675e-15 1.97516e-12 1.18541e-14 1.68377e-10  3.1941e-15 1.09178e-14 4.77121e-12 1.15708e-13 2.06487e-11 3.14281e-14 1.00455e-12 4.43984e-12 2.06767e-09
2.87385e-15           1 7.60997e-10 1.16121e-14 5.53162e-15 3.52449e-14 1.97417e-12 6.46621e-10 1.31132e-14 4.25482e-14 1.47196e-13  4.7586e-12 7.92989e-11 1.19997e-13  5.3456e-12 1.12063e-12 7.94049e-09
 1.9816e-10 7.60997e-10     0.99995 7.84562e-10  3.6844e-10 1.28233e-09 6.28973e-10 4.23924e-05 8.63429e-10 2.75832e-09 2.50454e-09 3.40026e-09 5.19876e-06 8.08913e-09  6.9968e-08 9.96206e-09 0.000520576
3.05229e-15 1.16596e-14 7.84562e-10           1 5.94407e-15  1.9984e-14 1.14723e-14 6.66647e-10  1.4268e-14 4.40243e-14 3.86404e-14 5.76108e-14 8.17532e-11 1.25059e-13 1.10501e-12 1.56507e-13 8.18639e-09
1.36763e-15 5.80215e-15 3.68439e-10 6.04721e-15           1 9.56553e-15 3.43646e-15 3.13065e-10 5.96121e-15 2.01781e-14 1.86894e-14 2.48395e-14 3.83927e-11 6.01405e-14 5.13933e-13 7.27359e-14 3.84443e-09
6.76631e-12  3.0059e-14 1.28233e-09 2.03789e-14 9.27944e-15           1 1.56065e-14  1.0896e-09 2.28443e-14  7.0771e-14 6.84246e-12 1.11583e-13 1.33623e-10 2.04565e-13 2.77797e-12 9.26963e-12 1.33802e-08
5.21437e-14  6.7672e-12 6.28972e-10 1.12733e-14 3.08178e-15 1.67929e-14           1 5.34439e-10 1.08766e-14 3.55398e-14 9.00241e-14 6.76338e-12 6.55392e-11 9.56639e-14 9.12212e-12 2.03617e-12 6.56289e-09
1.68377e-10 6.46621e-10 4.23924e-05 6.66646e-10 3.13065e-10  1.0896e-09 5.34439e-10    0.999964  7.3366e-10 2.34376e-09 2.12812e-09 2.88922e-09 4.41742e-06 6.87338e-09 5.94522e-08 8.46482e-09 0.000442337
3.62187e-15 1.26854e-14 8.63429e-10 1.41946e-14 6.44164e-15 2.18099e-14   1.107e-14  7.3366e-10           1 4.77754e-14 4.44527e-14 5.63408e-14 8.99724e-11 1.42219e-13 1.20853e-12 1.72198e-13 9.00932e-09
1.10204e-14 4.22051e-14 2.75832e-09  4.3263e-14 2.02457e-14 7.07722e-14 3.58646e-14 2.34376e-09 4.70588e-14           1 1.38085e-13 1.85105e-13 2.87426e-10  4.4608e-13 3.86744e-12 5.51448e-13 2.87813e-08
 2.4996e-11 5.65358e-13 2.50454e-09 3.83412e-14 1.82504e-14    2.14e-11 3.50273e-13 2.12812e-09 4.36581e-14 1.38422e-13           1 1.69796e-13 2.60983e-10 4.05011e-13 1.19379e-11 4.68062e-11 2.61332e-08
5.92957e-13 2.50083e-11 3.40026e-09 5.77511e-14 2.42585e-14 3.50663e-13 2.13222e-11 2.88922e-09 5.60378e-14 1.85302e-13  1.6713e-13           1 3.54316e-10 5.61343e-13 4.30856e-11  1.1563e-11 3.54795e-08
2.06478e-11  7.9298e-11 5.19876e-06 8.17527e-11 3.83932e-11 1.33624e-10 6.55481e-11 4.41742e-06 8.99723e-11 2.87426e-10  2.6098e-10 3.54311e-10    0.999999 8.42916e-10 7.29089e-09 1.03808e-09 5.42457e-05
3.38168e-14 1.15219e-13 8.08913e-09 1.24895e-13 6.01084e-14 2.07385e-13 9.17808e-14 6.87338e-09 1.41908e-13 4.45811e-13 4.10785e-13 5.50874e-13 8.42916e-10           1 1.13571e-11 1.60688e-12 8.44048e-08
2.09581e-12 1.03513e-11  6.9968e-08 1.10443e-12  5.1541e-13 4.52222e-12 1.84549e-11 5.94522e-08 1.20822e-12 3.86764e-12 1.01574e-11 4.20959e-11 7.29089e-09 1.13433e-11           1 1.39638e-11 7.30071e-07
9.45828e-12 2.23289e-12 9.96206e-09 1.57434e-13 7.31265e-14 1.82596e-11 4.22579e-12 8.46482e-09 1.71926e-13 5.50452e-13 3.82512e-11 9.42298e-12 1.03808e-09 1.61302e-12 1.39762e-11           1 1.03948e-07
2.06767e-09 7.94049e-09 0.000520576 8.18639e-09 3.84443e-09 1.33802e-08  6.5629e-09 0.000442337 9.00932e-09 2.87813e-08 2.61332e-08 3.54795e-08 5.42457e-05 8.44048e-08 7.30071e-07 1.03948e-07    0.994568
Overlap Matrix (abs) of the orthonormalized projected bands for spin 1
 at k-point 0.0666667 -0.133333         0
maxDeviation is: 1.03701e-05
          1  6.0936e-16  3.9041e-12 1.54802e-11 2.19153e-14 2.54686e-11 6.51819e-14 4.34535e-15 1.34324e-12 3.12003e-12 1.84047e-14 1.65705e-14 7.81397e-11 7.03488e-11 2.78273e-11  1.3849e-12 5.81749e-10
2.66042e-15           1  2.2235e-15 1.51142e-14 1.83085e-15 1.34645e-12  4.7074e-15 7.28097e-15 2.12133e-15 1.72888e-15 6.05371e-13 5.00753e-13 4.13148e-12 2.50163e-14 8.12071e-14 8.48863e-14  3.0761e-11
3.49844e-12 1.80376e-15           1 1.91783e-12  1.9306e-14  2.6407e-11 6.73203e-14 2.33635e-15 2.56565e-12 5.44388e-12 2.03923e-14 1.66367e-14 8.10182e-11 1.27914e-11 5.94337e-12 1.41218e-12  6.0318e-10
1.64923e-11 1.52372e-14 6.40629e-12           1   1.377e-13 1.93424e-10 4.95672e-13 1.55931e-14 1.22531e-11 2.46177e-11 1.51754e-13 1.28282e-13  5.9344e-10 9.20695e-12 1.32237e-11 1.03581e-11 4.41814e-09
1.90181e-14 1.65816e-15 1.97234e-14  1.4859e-13           1 1.49511e-11 1.99754e-13 1.71973e-15 2.41488e-14 1.10057e-14 1.12549e-14 9.35195e-15 4.58713e-11 2.56391e-13 7.93657e-13 1.14892e-12  3.4151e-10
2.54687e-11 1.56448e-12 2.64054e-11 1.93424e-10 1.49551e-11           1 5.05718e-11 1.95826e-12 2.98932e-11  1.3405e-11 1.61463e-11 1.32406e-11 6.09805e-08 3.32667e-10 1.02994e-09  1.0661e-09 4.53998e-07
6.58797e-14  4.6536e-15 6.53833e-14 4.89468e-13 2.20642e-12  5.0574e-11           1 4.71505e-15 7.70957e-14 3.36014e-14 4.08635e-14 3.39024e-14 1.55166e-10 8.41438e-13 2.61153e-12 2.73961e-12  1.1552e-09
1.76648e-15 5.33407e-15 2.29337e-15 1.97372e-14 2.44765e-15 2.23447e-12 5.08037e-15           1 3.23683e-15 1.22268e-15 8.71154e-13 7.23519e-13 6.85607e-12 3.75907e-14 1.07019e-13 1.21398e-13 5.10454e-11
1.88211e-12 2.88027e-15 2.76812e-12 8.73668e-12 2.03821e-14 2.98918e-11 7.73581e-14 1.38488e-15           1 7.48916e-13 2.47952e-14 2.09515e-14 9.17085e-11  3.8972e-11  1.2709e-11 1.60657e-12 6.82768e-10
7.30452e-12 1.14379e-15 5.49476e-12 2.23972e-11 1.15333e-14 1.34041e-11 3.64447e-14 4.79249e-15 1.37977e-12           1  1.0494e-14 9.89209e-15 4.11252e-11 1.01513e-10 3.83978e-11  7.2572e-13 3.06176e-10
2.07424e-14  6.0025e-13 2.07968e-14  1.5147e-13 9.75563e-15 1.56639e-11  4.0776e-14 8.74255e-13 2.22832e-14 1.12205e-14           1 6.32777e-13 4.80563e-11 2.63595e-13 7.99823e-13 8.48151e-13 3.57778e-10
1.75763e-14  5.6483e-13 1.79115e-14 1.29181e-13 4.51335e-15 1.32135e-11 3.57264e-14  8.0567e-13 1.94977e-14 9.11382e-15 6.96612e-13           1 4.05416e-11 2.25467e-13  6.8815e-13 6.95817e-13  3.0183e-10
7.81406e-11 4.80126e-12 8.10143e-11  5.9344e-10 4.58826e-11 6.09805e-08  1.5516e-10 6.00899e-12 9.17136e-11 4.11246e-11 4.95392e-11 4.06226e-11           1 1.02064e-09 3.15994e-09 3.27085e-09  1.3929e-06
8.26207e-11 2.65401e-14 2.32658e-11 2.24755e-11 2.35258e-13 3.32667e-10 8.53997e-13 2.43545e-14 4.84299e-11 1.14035e-10 2.57572e-13 2.19449e-13 1.02065e-09           1 7.13925e-12 1.78165e-11 7.59868e-09
3.07182e-11 8.51576e-14 1.26002e-11 4.59977e-12 7.30306e-13 1.02994e-09 2.64505e-12 8.82814e-14 1.44352e-12 3.57207e-11 8.14203e-13 6.91123e-13 3.15994e-09 2.86439e-11           1 5.52586e-11 2.35257e-08
1.38694e-12  9.2299e-14 1.38854e-12 1.03581e-11 5.19575e-11  1.0661e-09 3.11034e-11  1.0318e-13 1.63246e-12 7.19251e-13   8.624e-13 6.97032e-13 3.27085e-09 1.78086e-11 5.52621e-11           1 2.43514e-08
5.81753e-10 3.57447e-11 6.03147e-10 4.41814e-09 3.41593e-10 4.53998e-07 1.15516e-09  4.4736e-11 6.82804e-10  3.0617e-10 3.68817e-10 3.02434e-10  1.3929e-06 7.59867e-09 2.35257e-08 2.43514e-08     1.00001
Overlap Matrix (abs) of the orthonormalized projected bands for spin 1
 at k-point   0   0 0.2
maxDeviation is: 8.40702e-06
          1 1.64652e-12 1.45372e-12 3.14041e-12 1.29227e-11 3.46695e-16 1.70734e-15 4.44868e-12 9.74381e-12 1.24512e-15 8.56373e-16 6.70574e-15  3.9316e-15 7.51983e-11 3.23738e-11 4.63952e-11 9.60232e-11
2.12018e-12           1 8.78059e-12 5.50721e-12 3.78028e-12  6.3145e-16 1.44405e-16 2.71015e-11 1.71623e-11 3.20164e-15 2.33937e-15 4.43168e-15 1.47794e-15 4.23305e-11  1.8511e-11 2.73355e-10 1.65252e-10
1.45339e-12 8.78101e-12           1  9.1035e-09 1.89207e-11 7.08897e-13 7.72995e-13 4.70721e-08 2.84066e-08 4.17386e-12 2.28251e-12 4.04093e-12 4.43239e-12 4.52857e-11 1.12969e-10 4.74689e-07 2.72713e-07
3.14074e-12 5.50779e-12  9.1035e-09           1 1.43321e-11 7.79342e-13 4.70332e-13 2.81598e-08 1.56857e-09 3.51518e-12  1.2186e-13 3.04529e-12 3.50294e-12 3.05603e-11 8.34175e-11 2.80709e-07 9.47832e-09
1.44396e-11 4.81141e-12 1.89214e-11 1.43325e-11           1  6.7693e-16  2.8689e-15 5.83437e-11 4.46434e-11  3.4881e-15 6.00301e-15 5.25848e-15 7.39092e-15 4.04597e-11 1.72472e-11 5.90338e-10 4.31959e-10
3.24491e-16 4.60768e-16 7.54116e-13 9.12761e-13 9.16799e-16           1 7.88727e-16 2.32768e-12 2.83051e-12 1.52798e-15 3.75097e-14 6.15815e-16 7.30583e-16 1.92505e-15 4.82563e-15  2.3657e-11 2.77707e-11
1.32505e-15 1.52236e-15 8.85623e-13 6.41609e-13 1.74618e-15 6.14068e-16           1 2.74473e-12 1.97648e-12 4.18695e-16 4.57665e-16 3.38264e-14 1.50484e-15 2.99478e-15 8.41221e-15 2.69564e-11 2.02014e-11
4.44826e-12 2.71031e-11 4.70721e-08 2.81598e-08 5.83419e-11 2.18686e-12 2.39915e-12           1  8.7872e-08 1.28822e-11  7.0628e-12 1.24529e-11  1.3778e-11 1.39712e-10 3.48356e-10 1.46469e-06 8.43634e-07
9.74338e-12 1.71639e-11 2.84066e-08 1.56857e-09 4.46433e-11 2.41932e-12 1.44473e-12  8.7872e-08           1 1.09214e-11  3.3706e-13 9.49425e-12 1.07587e-11 9.52394e-11 2.59902e-10 8.75984e-07 3.42205e-08
1.25345e-15 2.28117e-15 4.17412e-12 3.51497e-12 5.70468e-15 7.82895e-17 8.95208e-16 1.28827e-11  1.0921e-11           1 5.69987e-16 8.35089e-16  3.2255e-15 2.14697e-14  2.4825e-14  1.3033e-10 1.06266e-10
8.46098e-16   1.097e-15 1.75678e-12 5.81754e-13 3.12843e-15 3.74744e-14  8.2616e-16 5.42688e-12 1.81932e-12 6.13582e-16           1 9.96982e-16 1.31854e-15 6.98357e-15 1.75643e-14 5.39856e-11 1.83069e-11
3.63139e-15 2.61693e-15  3.8133e-12 2.79517e-12 4.71198e-15 6.92607e-16 4.24611e-14 1.17728e-11 8.69038e-12 4.91313e-16 9.44767e-16           1 1.04855e-15 1.12726e-14 2.80095e-14 1.18873e-10 8.42494e-11
3.42949e-15 3.61481e-15 4.43267e-12 3.50328e-12 7.20265e-15 3.04811e-16  9.0722e-16 1.37785e-11 1.07591e-11 1.67829e-15  1.1851e-15 1.54974e-15           1 2.34704e-14 3.97309e-14 1.36853e-10 1.07606e-10
 1.0061e-10 4.79016e-11 4.52877e-11 3.05586e-11 3.83203e-11 1.64937e-15 2.90795e-15 1.39716e-10 9.52367e-11 4.41392e-15 1.35636e-14 1.12182e-14 1.99173e-14           1  1.1333e-12 1.41101e-09 9.18582e-10
 3.7182e-11 5.17745e-11 1.12968e-10 8.34185e-11 4.37001e-11 4.10248e-15 9.54748e-15 3.48354e-10 2.59903e-10  3.2178e-14 3.60003e-14 2.57218e-14 4.15239e-14 3.05519e-11           1 3.52355e-09 2.51261e-09
4.63927e-11  2.7337e-10 4.74689e-07 2.80709e-07 5.90324e-10 2.22194e-11 2.35862e-11 1.46469e-06 8.75984e-07  1.3033e-10 7.02468e-11 1.26055e-10 1.36852e-10 1.41099e-09 3.52356e-09    0.999985 8.40702e-06
9.60179e-11 1.65268e-10 2.72713e-07 9.47832e-09 4.31948e-10 2.36696e-11 1.48776e-11 8.43634e-07 3.42205e-08 1.06266e-10 4.92468e-12 9.17677e-11 1.07606e-10 9.18564e-10 2.51262e-09 8.40702e-06           1
Overlap Matrix (abs) of the orthonormalized projected bands for spin 1
 at k-point        0        0 0.266667
maxDeviation is: 5.53696e-06
          1 2.53795e-12 4.87195e-13 2.96436e-12 3.31745e-16 1.42148e-15 8.95485e-12 1.24625e-12 7.54101e-12  6.0799e-15 8.72423e-16 6.65406e-15 4.21243e-16 6.77319e-11  3.8159e-11 3.52142e-11 5.74703e-11
9.72152e-13           1 6.47346e-12   6.388e-12 1.94244e-15  1.0431e-15  1.7631e-12 1.64622e-11 1.62571e-11 1.63543e-14  2.6724e-15 4.46476e-15 4.77207e-15 4.08476e-11 2.33187e-11  2.0035e-10 3.85685e-11
4.87254e-13   6.474e-12           1 1.13346e-08 2.73762e-12 3.52673e-13 1.37511e-11 2.14849e-08 2.88505e-08 2.17312e-11 3.73473e-12 3.14254e-12 7.32379e-12 5.52144e-11 8.31932e-11 2.98632e-07 1.06964e-07
2.96453e-12 6.38797e-12 1.13346e-08           1 5.06452e-12 1.27479e-12 2.17009e-11 2.87942e-08 6.11681e-08 2.76929e-11 7.15936e-12 9.56136e-12 1.43221e-11 8.66445e-11 1.31112e-10 5.23292e-07 2.85649e-07
8.15877e-17 2.14093e-15 2.84238e-12 4.90866e-12           1 3.45808e-16 5.39497e-15 7.22286e-12  1.2493e-11 7.27381e-15 2.89254e-14 1.59845e-15 2.72242e-15 1.96591e-14 2.96757e-14 1.15906e-10 5.25325e-11
3.09729e-16 4.61937e-16  5.2881e-13   1.428e-12 1.02151e-16           1 1.54548e-15 1.34178e-12 3.63344e-12 1.29112e-15 1.72254e-15 2.86639e-14 6.84516e-16 4.52191e-15 6.60561e-15 2.88621e-11 1.82701e-11
1.22829e-11 4.86464e-12  1.3751e-11 2.17008e-11 5.03256e-15  6.7201e-16           1 3.49678e-11 5.52195e-11 2.96303e-14 7.98723e-15 5.23453e-15 1.18481e-14 3.13616e-11 1.75233e-11  5.4011e-10 2.01228e-10
1.24599e-12 1.64638e-11 2.14849e-08 2.87942e-08 6.95331e-12 8.96604e-13 3.49666e-11           1 7.32914e-08  5.5179e-11  9.4893e-12 7.98186e-12 1.86046e-11 1.40413e-10 2.11571e-10 7.59006e-07 2.71171e-07
7.54109e-12 1.62567e-11 2.88505e-08 6.11681e-08 1.28922e-11 3.24347e-12 5.52204e-11 7.32914e-08           1 7.05375e-11 1.82196e-11 2.43282e-11 3.64502e-11 2.20466e-10 3.33616e-10  1.3317e-06 7.27059e-07
3.59112e-15 1.81527e-14 2.17314e-11 2.76932e-11 6.79047e-15 1.11267e-15  2.8965e-14 5.51793e-11 7.05379e-11           1 8.83394e-15 7.69928e-15 1.72697e-14  1.1008e-13 1.78837e-13 6.97291e-10 3.70746e-10
1.50597e-15 1.77556e-15 3.11677e-12 7.70889e-12 3.03042e-14 1.16056e-15 6.43074e-15 7.91946e-12 1.96157e-11 6.46829e-15           1 3.08503e-15 4.15255e-15 2.65216e-14 4.02525e-14 1.60788e-10 9.45795e-11
2.99945e-15 3.23321e-16 3.73537e-12 1.01168e-11  2.2791e-15 3.22794e-14 9.25989e-15 9.48937e-12 2.57428e-11 8.99604e-15 2.71851e-15           1 5.90109e-15 3.23942e-14 5.03501e-14 2.04463e-10 1.29344e-10
4.34143e-15 5.11658e-15  7.3234e-12 1.43222e-11 4.38178e-15 1.32554e-15 1.41544e-14 1.86041e-11 3.64503e-11 1.63204e-14 3.77955e-15  5.5448e-15           1 5.63708e-14 7.86956e-14 3.20031e-10 1.66774e-10
1.01767e-10 5.16121e-11 5.52127e-11 8.66417e-11 1.90969e-14 2.47416e-15 3.20478e-11 1.40412e-10  2.2046e-10 1.20446e-13 3.16946e-14 2.70962e-14 4.87299e-14           1  4.8267e-12 2.16619e-09 7.87729e-10
5.01056e-11 5.33732e-11 8.31943e-11 1.31114e-10 2.77095e-14  3.9572e-15 3.69764e-11 2.11572e-10 3.33619e-10 1.72816e-13 5.07307e-14 3.95399e-14 8.21968e-14 2.80014e-11           1 3.27284e-09 1.19362e-09
 3.5205e-11 2.00352e-10 2.98632e-07 5.23292e-07  1.1499e-10 2.40719e-11 5.40104e-10 7.59006e-07  1.3317e-06 6.97291e-10 1.62206e-10 1.87028e-10 3.20032e-10 2.16617e-09 3.27285e-09    0.999988 5.53696e-06
5.74743e-11  3.8571e-11 1.06964e-07 2.85649e-07 5.88345e-11 1.73519e-11 2.01236e-10 2.71171e-07 7.27059e-07 3.70746e-10 8.06636e-11 1.26487e-10 1.66773e-10 7.87742e-10 1.19361e-09 5.53696e-06    0.999996
Overlap Matrix (abs) of the orthonormalized projected bands for spin 1
 at k-point        0        0 0.333333
maxDeviation is: 0.000163186
          1 1.04074e-12 7.81221e-12 7.85156e-12 4.47313e-16 4.57331e-16 4.45692e-12 1.61082e-11 1.63102e-11 1.84005e-15 3.27326e-15 2.61166e-15 1.48042e-15 4.02438e-11 4.98331e-11   1.386e-10 1.35141e-10
 3.3298e-12           1 3.49019e-11 2.48378e-11 1.77027e-15 1.15938e-15 2.38593e-13 7.20321e-11  5.1691e-11 3.87952e-15 1.37296e-14 4.01274e-15 1.05175e-14 2.14985e-11 2.69919e-11 6.16816e-10 4.24357e-10
7.81199e-12 3.49021e-11    0.999999 5.41247e-07 5.35817e-11 1.76894e-11 1.11543e-10 1.60148e-06 1.12653e-06 5.45923e-11 3.04075e-10 1.06448e-10 2.75812e-10 5.72501e-10  7.3277e-10 1.37093e-05 9.24361e-06
7.85154e-12 2.48377e-11 5.41247e-07           1 3.61334e-11 1.47487e-11 7.23768e-11 1.11735e-06 7.28132e-07 3.90787e-11 2.10739e-10 7.04371e-11  1.9771e-10 3.61999e-10 4.91119e-10 9.55533e-06 5.96084e-06
5.36532e-16 1.84862e-15 5.35121e-11 3.61143e-11           1 6.99965e-16 7.87097e-15 1.10458e-10 7.51806e-11  3.6049e-15    8.47e-15 7.43771e-15 1.93915e-14 3.90276e-14 5.34042e-14 9.45175e-10  6.1624e-10
3.28491e-16 1.16513e-15 1.79351e-11 1.48889e-11 9.11246e-16           1 2.72142e-15  3.6997e-11  3.0962e-11 9.96029e-16 6.73678e-15 1.87206e-14 5.98606e-15 1.62721e-14 1.86491e-14 3.17544e-10  2.5522e-10
9.18224e-12 3.67971e-12 1.11544e-10 7.23768e-11  7.6615e-15 2.63838e-15           1 2.30265e-10 1.50701e-10 7.83099e-15 4.30196e-14 1.46358e-14 4.06237e-14 1.36056e-11 1.69797e-11 1.96929e-09 1.23388e-09
1.61078e-11 7.20325e-11 1.60148e-06 1.11735e-06 1.10601e-10 3.64923e-11 2.30264e-10    0.999997  2.3256e-06 1.12675e-10 6.27616e-10 2.19739e-10 5.69226e-10 1.18193e-09 1.51259e-09 2.82958e-05 1.90825e-05
1.63103e-11 5.16902e-11 1.12653e-06 7.28132e-07 7.52233e-11 3.06694e-11 1.50702e-10  2.3256e-06    0.999998 8.13177e-11  4.3864e-10 1.46648e-10 4.11447e-10 7.53856e-10  1.0224e-09 1.98882e-05 1.24123e-05
3.95912e-15 1.94791e-15 5.45921e-11 3.90783e-11 4.70805e-15  1.0161e-15 6.33458e-15 1.12675e-10 8.13173e-11           1 2.15847e-14 7.58995e-15 2.09327e-14 4.50475e-14 4.93076e-14  9.6456e-10 6.68199e-10
2.96482e-15 1.36366e-14 3.03729e-10  2.1101e-10 3.61709e-14 7.14957e-15 4.34245e-14 6.26898e-10 4.39199e-10 2.12167e-14           1 4.13758e-14 1.08471e-13 2.23282e-13 2.86061e-13 5.36617e-09 3.60342e-09
2.18924e-16  5.3409e-15 1.06302e-10 7.01584e-11  6.8571e-15 1.80813e-14 1.46001e-14 2.19438e-10 1.46071e-10 7.61552e-15 4.16488e-14           1 3.88076e-14 7.28003e-14 9.63494e-14 1.87705e-09 1.19668e-09
1.19413e-15 1.18614e-14 2.75811e-10  1.9771e-10 1.82223e-14 6.33008e-15 4.04155e-14 5.69226e-10 4.11447e-10  2.0225e-14 1.08383e-13 3.86568e-14           1 2.12565e-13 2.60657e-13 4.87478e-09 3.37851e-09
7.18314e-11  2.5993e-11 5.72508e-10 3.61996e-10 3.75541e-14 1.56911e-14 1.18981e-11 1.18193e-09 7.53851e-10 3.93486e-14 2.19077e-13 7.46133e-14 2.04057e-13           1  1.6392e-11 1.01051e-08 6.16697e-09
7.98477e-11 5.47839e-11 7.32764e-10 4.91122e-10 5.28247e-14 1.83185e-14 3.05061e-11 1.51258e-09 1.02241e-09  5.5308e-14 2.83555e-13  9.8431e-14 2.73446e-13 1.20836e-11           1 1.29412e-08 8.37975e-09
1.38604e-10 6.16817e-10 1.37093e-05 9.55533e-06 9.46398e-10 3.13229e-10 1.96929e-09 2.82958e-05 1.98882e-05  9.6456e-10 5.37216e-09 1.87968e-09 4.87478e-09 1.01051e-08 1.29412e-08    0.999758 0.000163186
 1.3514e-10 4.24351e-10 9.24361e-06 5.96084e-06 6.16565e-10 2.52835e-10 1.23388e-09 1.90825e-05 1.24123e-05 6.68199e-10 3.59855e-09  1.2015e-09 3.37851e-09 6.16696e-09 8.37976e-09 0.000163186    0.999898
Overlap Matrix (abs) of the orthonormalized projected bands for spin 1
 at k-point   0   0 0.4
maxDeviation is: 0.000922234
          1 9.68213e-13 1.78332e-11 1.48845e-11 7.41078e-16 8.98297e-17 3.06825e-11 2.56138e-11 1.24839e-12 2.48464e-15 1.09734e-14 8.58094e-15 1.09894e-14 5.80798e-12 4.15651e-11 2.61573e-10 2.15327e-10
4.40081e-12           1 6.43235e-11 5.69967e-11 3.50151e-15 2.17242e-16 1.10666e-10 9.80841e-11 7.10095e-13 1.39828e-14 3.99305e-14  3.2314e-14 3.58753e-14 1.96281e-12 1.58435e-11 9.43338e-10 8.25459e-10
1.78337e-11 6.43239e-11    0.999995 4.34221e-06 2.69103e-10  1.4748e-11  8.1769e-06 7.47226e-06 2.59303e-10  9.0792e-10 3.00743e-09 2.41595e-09 2.68721e-09 1.54468e-09  2.0424e-09 6.97359e-05 6.28736e-05
1.48843e-11 5.69965e-11 4.34221e-06    0.999996 2.35741e-10 1.03626e-11 7.47077e-06 6.44445e-06 2.40949e-10 8.35274e-10 2.66203e-09 2.15837e-09  2.3702e-09 1.11135e-09 1.84229e-09 6.36917e-05 5.42019e-05
1.26703e-15 3.62102e-15 2.69226e-10  2.3589e-10           1 1.42474e-15 4.63201e-10 4.05936e-10 1.50542e-14 5.18281e-14 1.71771e-13 1.35079e-13 1.47026e-13 7.49528e-14 1.14288e-13 3.94902e-09 3.41497e-09
1.85585e-16 2.23304e-16 1.48052e-11 1.04605e-11 1.32562e-15           1 2.54765e-11 1.79952e-11 4.39682e-16 1.88873e-15  8.3374e-15 1.21524e-14 8.07528e-15 5.56972e-15 6.15452e-15 2.17459e-10 1.50388e-10
3.06831e-11 1.10667e-10  8.1769e-06 7.47077e-06 4.62989e-10 2.53791e-11    0.999986  1.2856e-05 4.46145e-10 1.56209e-09 5.17428e-09 4.15664e-09 4.62332e-09 2.65771e-09 3.51392e-09  0.00011998 0.000108174
2.56137e-11 9.80841e-11 7.47226e-06 6.44445e-06 4.05675e-10  1.7828e-11  1.2856e-05    0.999989 4.14612e-10 1.43735e-09 4.58094e-09 3.71421e-09 4.07877e-09 1.91249e-09 3.17031e-09 0.000109603 9.32735e-05
 5.7675e-12 1.82317e-12 2.59304e-10 2.40949e-10 1.48347e-14 6.25561e-16 4.46146e-10 4.14612e-10           1  4.6599e-14 1.64405e-13 1.30826e-13 1.50621e-13  9.5785e-13 8.43968e-12 3.80807e-09 3.48606e-09
1.75211e-15 1.26524e-14  9.0792e-10 8.35274e-10 5.16076e-14 1.96678e-15 1.56209e-09 1.43735e-09  4.5027e-14           1 5.75151e-13  4.6031e-13 5.18782e-13 2.99569e-13  3.8019e-13 1.33264e-08 1.20908e-08
9.87822e-15 3.98454e-14 3.00715e-09 2.66151e-09 1.61416e-13 7.88236e-15 5.17379e-09 4.58004e-09 1.63828e-13 5.74706e-13           1 1.50907e-12 1.66869e-12 8.59201e-13 1.28405e-12 4.41174e-08 3.85266e-08
8.59736e-15 3.27904e-14 2.41565e-09 2.15833e-09 1.34582e-13 3.50326e-15 4.15611e-09 3.71413e-09 1.31183e-13 4.60492e-13 1.50928e-12           1 1.34959e-12 7.16045e-13 1.03383e-12 3.54425e-08  3.1244e-08
1.02673e-14  3.5705e-14 2.68721e-09  2.3702e-09 1.49343e-13 7.58732e-15 4.62332e-09 4.07877e-09 1.50234e-13 5.19182e-13 1.66877e-12 1.35023e-12           1 7.62738e-13 1.14256e-12  3.9418e-08 3.43145e-08
1.46225e-11 4.04388e-12 1.54468e-09 1.11135e-09 7.51122e-14 5.36645e-15 2.65771e-09 1.91249e-09 3.33513e-12 3.02804e-13  8.5872e-13 7.14924e-13 7.65209e-13           1 1.91672e-11 2.26408e-08 1.60541e-08
7.96836e-11 3.18576e-11 2.04241e-09  1.8423e-09 1.14453e-13 6.12875e-15 3.51393e-09 3.17032e-09 1.41595e-11  4.1555e-13 1.28445e-12 1.03445e-12 1.14717e-12 4.95412e-13           1  2.9964e-08 2.66755e-08
2.61576e-10 9.43338e-10 6.97359e-05 6.36917e-05 3.94723e-09 2.16601e-10  0.00011998 0.000109603 3.80807e-09 1.33264e-08 4.41216e-08  3.5447e-08  3.9418e-08 2.26408e-08  2.9964e-08    0.998977 0.000922234
2.15328e-10  8.2546e-10 6.28736e-05 5.42019e-05 3.41276e-09 1.48997e-10 0.000108174 9.32735e-05 3.48606e-09 1.20908e-08 3.85343e-08 3.12445e-08 3.43145e-08 1.60541e-08 2.66755e-08 0.000922234    0.999216
Overlap Matrix (abs) of the orthonormalized projected bands for spin 1
 at k-point        0        0 0.466667
maxDeviation is: 4.16273e-05
          1 9.52183e-13 1.36161e-16 7.50275e-17  3.5983e-12 1.22463e-12  6.4877e-12 2.22265e-12  6.1997e-14 4.48983e-16 6.11126e-16 1.19092e-15 8.93843e-16 2.29135e-13 1.46762e-11 5.35409e-11 1.85301e-11
2.36326e-12           1 7.97151e-16 2.96266e-16 1.49409e-11 3.61881e-12 2.69835e-11 6.42276e-12 1.43163e-13 1.67378e-15 2.11741e-15 4.23954e-15 2.45399e-15  6.3211e-14   2.065e-12 2.23186e-10 5.19508e-11
  3.348e-16 8.17315e-16           1 1.97394e-15 1.91546e-11 1.06906e-11 3.46526e-11 1.91209e-11 8.17852e-17 8.09901e-16 3.21337e-15 4.17124e-15 4.07406e-15 2.34989e-14 5.09694e-14 2.87177e-10 1.56312e-10
2.04429e-16 2.28124e-16 1.96724e-15           1 2.25973e-11 1.08913e-11 4.08541e-11  1.9481e-11 5.65736e-16 1.26232e-15 1.85029e-15 4.86366e-15 2.92447e-15 2.80615e-14 5.97527e-14 3.38327e-10 1.59193e-10
3.59843e-12 1.49416e-11  1.9152e-11 2.26136e-11           1 1.90534e-07 8.79753e-07 3.40408e-07 6.73009e-12 1.94742e-11 5.99245e-11  1.3202e-10 6.60946e-11 4.87907e-10 1.30318e-09 7.28116e-06 2.77731e-06
1.22445e-12 3.61882e-12 1.06521e-11  1.0882e-11 1.90534e-07           1 3.44625e-07 2.20611e-07 5.15252e-12 8.06236e-12 2.33494e-11 5.01625e-11 2.11019e-11 2.19663e-10 4.81305e-10 2.85575e-06 1.80873e-06
6.48791e-12 2.69846e-11 3.46469e-11 4.08839e-11 8.79753e-07 3.44625e-07    0.999998 6.15709e-07 1.20963e-11 3.52073e-11 1.08258e-10 2.38554e-10 1.19443e-10 8.81658e-10 2.35476e-09 1.31572e-05 5.02344e-06
2.22264e-12 6.42258e-12 1.90543e-11 1.94639e-11 3.40408e-07 2.20611e-07 6.15709e-07           1 9.35742e-12 1.43773e-11 4.17793e-11 8.95802e-11 3.74827e-11 3.93357e-10 8.59106e-10 5.10212e-06 3.24432e-06
2.01245e-12 2.48517e-13 1.85406e-16 3.14515e-16 6.72932e-12  5.1522e-12 1.20952e-11 9.35701e-12           1 1.08735e-15  9.5347e-16 1.40982e-15 1.34294e-15 5.08119e-14 9.66977e-13 9.94966e-11 7.78579e-11
6.57362e-16 6.42429e-16 7.67106e-16 1.24342e-15 1.94739e-11 8.06217e-12 3.52068e-11  1.4377e-11 6.75132e-16           1  2.2135e-15 5.40552e-15 3.27672e-15  1.9958e-14 5.68371e-14 2.91528e-10 1.17091e-10
1.92393e-16 2.27357e-15 3.70699e-15 2.52619e-15 5.99612e-11 2.34647e-11 1.08326e-10 4.19851e-11 9.86653e-16 1.88778e-15           1 1.62283e-14  7.4531e-15 6.38145e-14 1.59489e-13 8.96346e-10 3.43084e-10
9.93382e-16 4.22231e-15 4.64268e-15 7.52533e-15 1.32085e-10 5.01498e-11 2.38673e-10  8.9554e-11 2.08528e-15 5.44083e-15 1.62829e-14           1 1.82281e-14 1.27138e-13 3.55031e-13 1.97529e-09 7.30221e-10
1.18622e-15 2.40962e-15 1.57813e-15 3.29137e-15 6.60941e-11  2.1102e-11 1.19442e-10 3.74828e-11 1.26848e-15 2.90859e-15 7.56677e-15 1.84929e-14           1  5.8587e-14 1.84417e-13 9.88535e-10 3.03842e-10
1.04281e-12 2.94029e-12 2.31978e-14 2.79781e-14 4.87906e-10 2.19663e-10 8.81657e-10 3.93357e-10 1.71553e-12 2.03001e-14 6.30959e-14 1.26882e-13 5.81191e-14           1  6.7144e-12 7.29747e-09 3.21805e-09
3.09777e-11  4.3819e-12 5.08278e-14  5.9821e-14 1.30318e-09   4.813e-10 2.35476e-09 8.59099e-10 1.69584e-12 4.52914e-14 1.59372e-13 3.54116e-13 1.82189e-13 1.31442e-12           1 1.94876e-08  7.0015e-09
5.35424e-11 2.23186e-10 2.87125e-10 3.38567e-10 7.28116e-06 2.85575e-06 1.31572e-05 5.10212e-06 9.94967e-11 2.91528e-10 8.95762e-10  1.9743e-09 9.88537e-10 7.29747e-09 1.94876e-08    0.999891 4.16273e-05
1.85305e-11 5.19507e-11  1.5576e-10 1.59061e-10 2.77731e-06 1.80873e-06 5.02344e-06 3.24432e-06  7.7858e-11 1.17091e-10 3.41415e-10  7.3046e-10 3.03842e-10 3.21805e-09  7.0015e-09 4.16273e-05    0.999973
Overlap Matrix (abs) of the orthonormalized projected bands for spin 1
 at k-point         0         0 -0.466667
maxDeviation is: 3.67644e-05
          1 9.51276e-13 3.11405e-16 1.07941e-16 6.01086e-12 3.66486e-12 1.08748e-11 6.56217e-12 6.21639e-14 5.68605e-16 6.02354e-16 4.28156e-15 2.43576e-15 2.27859e-13 1.46739e-11 9.04882e-11 5.31257e-11
2.36254e-12           1 5.44548e-16 1.12412e-15 2.93137e-11 1.96827e-11 5.30538e-11  3.5261e-11 1.39789e-13 2.51205e-15 3.94557e-15 2.07619e-14 1.89769e-14 1.19454e-13 2.04233e-12 4.41189e-10 2.86939e-10
3.66289e-16 5.43345e-16           1 2.27666e-16 1.48108e-11 6.04449e-12 2.67724e-11 1.07782e-11 4.92108e-16 2.11386e-15  1.9192e-15 9.10551e-15 8.31076e-15 2.02305e-14 6.42592e-15 2.22132e-10 8.66511e-11
2.37829e-16 1.09885e-15 2.34194e-16           1 1.54009e-11 7.57275e-12 2.78509e-11 1.35301e-11 6.61422e-16 2.47234e-15 3.15208e-15 1.18367e-14 7.05082e-15 1.97244e-14 6.00665e-15 2.31321e-10 1.09209e-10
6.01053e-12 2.93143e-11 1.47716e-11 1.54288e-11           1 1.64316e-07 1.75461e-07 2.95613e-07 8.60141e-12 1.88923e-11 2.90107e-11 1.06329e-10 1.24054e-10 4.31535e-10 5.50748e-11 1.47492e-06 2.42706e-06
3.66503e-12 1.96826e-11 6.07478e-12 7.61067e-12 1.64316e-07           1 2.97978e-07 3.21205e-07 1.21431e-11 3.08698e-11 3.05533e-11 1.40342e-10 1.38018e-10 4.96779e-10 5.36034e-11 2.48918e-06 2.62799e-06
1.08741e-11 5.30549e-11 2.67029e-11 2.79021e-11 1.75461e-07 2.97978e-07           1 5.36074e-07 1.56151e-11 3.43455e-11 5.25927e-11 1.93017e-10 2.24979e-10 7.82795e-10 9.97508e-11 2.68215e-06 4.40122e-06
6.56234e-12 3.52608e-11 1.08305e-11 1.35978e-11 2.95613e-07 3.21205e-07 5.36074e-07    0.999999   2.184e-11 5.55297e-11 5.48787e-11 2.52291e-10 2.47943e-10 8.92554e-10 9.63014e-11 4.47805e-06 4.72044e-06
2.01249e-12 2.45212e-13 4.90915e-16 4.01511e-16 8.60171e-12 1.21436e-11 1.56153e-11 2.18394e-11           1 1.94824e-15 2.88492e-15 8.04741e-15 1.09186e-14 2.33606e-14  9.5353e-13 1.30452e-10  1.7939e-10
1.47389e-15 3.75502e-15 1.85662e-15 2.52922e-15 1.88926e-11 3.08699e-11  3.4346e-11 5.55299e-11 1.70052e-15           1  5.2162e-15 1.99811e-14 2.25872e-14 8.40188e-14 9.55786e-15 2.88903e-10 4.55548e-10
2.93261e-16 3.96653e-15 2.10075e-15 2.77352e-15 2.89106e-11 3.06258e-11  5.2412e-11 5.50111e-11 2.85513e-15 5.61095e-15           1 2.43431e-14 1.85008e-14 8.86035e-14 3.47164e-15 4.38412e-10 4.49264e-10
4.76782e-15  2.0733e-14 8.78533e-15 8.63937e-15 1.06447e-10 1.40448e-10  1.9323e-10 2.52481e-10 7.43815e-15  2.0033e-14 2.43133e-14           1 1.12403e-13  3.7737e-13 4.84393e-14  1.6166e-09 2.07029e-09
3.52894e-15 1.88021e-14 6.20984e-15 7.40237e-15 1.24055e-10 1.38018e-10 2.24979e-10 2.47943e-10 1.11443e-14 2.26187e-14 1.82309e-14  1.1217e-13           1 3.81776e-13 2.44539e-14 1.88243e-09 2.02661e-09
1.04528e-12 2.89715e-12 2.00625e-14 1.95395e-14 4.31536e-10 4.96779e-10 7.82795e-10 8.92554e-10 1.74621e-12 8.42331e-14 8.92863e-14 3.77964e-13 3.81206e-13           1 6.43008e-12 6.54289e-09 7.30683e-09
3.09801e-11 4.40406e-12 6.31996e-15 5.91045e-15 5.50678e-11 5.36029e-11 9.97405e-11 9.62987e-11 1.70873e-12 1.66208e-14 3.83182e-15 4.81402e-14  2.2314e-14 4.80016e-13           1 8.33805e-10 7.85381e-10
9.04869e-11  4.4119e-10 2.21558e-10 2.31746e-10 1.47492e-06 2.48918e-06 2.68215e-06 4.47805e-06 1.30452e-10 2.88904e-10  4.3989e-10 1.61485e-09 1.88243e-09 6.54289e-09 8.33803e-10    0.999977 3.67644e-05
5.31264e-11 2.86939e-10 8.71028e-11 1.09769e-10 2.42706e-06 2.62799e-06 4.40122e-06 4.72044e-06  1.7939e-10 4.55549e-10 4.48155e-10 2.06873e-09 2.02661e-09 7.30683e-09 7.85383e-10 3.67644e-05    0.999961
Overlap Matrix (abs) of the orthonormalized projected bands for spin 1
 at k-point    0    0 -0.4
maxDeviation is: 1.72991e-05
          1 9.68933e-13 7.61711e-12  2.9542e-11 5.33534e-16 3.73352e-16  1.3147e-11 5.08221e-11 1.24838e-12 6.02863e-15 3.07746e-15 6.69002e-15 3.32817e-15 5.80643e-12 4.15523e-11 1.10509e-10 4.31039e-10
4.40201e-12           1 1.36767e-12 3.96103e-12 3.22089e-16  1.5193e-16 2.35543e-12 6.81521e-12 7.05264e-13 2.06413e-15  3.5628e-16 9.63556e-16 1.10444e-15 1.94559e-12 1.58244e-11 1.97244e-11 5.78474e-11
 7.6175e-12 1.36719e-12           1 8.17033e-08 2.48187e-12 1.34396e-12  4.5741e-08 1.40549e-07 4.16177e-12 1.61194e-11 9.23048e-12 1.51123e-11 5.80645e-12 3.97529e-11 2.52462e-11 3.84998e-07 1.19229e-06
2.95419e-11 3.96098e-12 8.17033e-08           1 7.36629e-12 9.05853e-12 1.40959e-07 4.80646e-07 1.26678e-11 5.42837e-11 2.99367e-11 5.31097e-11 1.96613e-11 1.76845e-10 9.00876e-11 1.18545e-06 4.07704e-06
7.50663e-16 3.23487e-16 2.43973e-12 7.27948e-12           1 5.57735e-16 4.20688e-12 1.25245e-11 2.52402e-16 1.44074e-15 5.65186e-15 1.64817e-15  4.8782e-16 1.06265e-14 3.34955e-15 3.55328e-11 1.06204e-10
2.12965e-16 1.45357e-16 1.43229e-12 9.01336e-12 4.91955e-16           1 2.47722e-12 1.55077e-11 4.17623e-16 1.40723e-15 5.32817e-16 8.60199e-15 1.08955e-15 1.03713e-14 3.84988e-15  2.0769e-11 1.31485e-10
1.31475e-11  2.3548e-12  4.5741e-08 1.40959e-07 4.27916e-12 2.32481e-12           1 2.42483e-07 7.17707e-12  2.7808e-11 1.59235e-11 2.60744e-11 1.00156e-11 6.86577e-11 4.35587e-11 6.64001e-07 2.05699e-06
5.08223e-11 6.81534e-12 1.40549e-07 4.80646e-07 1.26706e-11 1.55847e-11 2.42483e-07    0.999999 2.17904e-11 9.33832e-11 5.15003e-11 9.13632e-11 3.38223e-11 3.04264e-10  1.5498e-10 2.03926e-06 7.01367e-06
5.76758e-12 1.81836e-12  4.1607e-12 1.26673e-11 4.27862e-16 4.28232e-16  7.1763e-12 2.17905e-11           1 3.24017e-15 2.15853e-15 2.77937e-15 6.16187e-16 1.00857e-12 8.37815e-12 6.04719e-11 1.84828e-10
4.24812e-15 1.02283e-15 1.61191e-11 5.42838e-11 1.40644e-15 1.45483e-15 2.78075e-11 9.33833e-11  2.0272e-15           1 5.76673e-15 1.09468e-14 6.05531e-15 3.26494e-14 7.42101e-15 2.34106e-10 7.92059e-10
3.87745e-15 5.77179e-16 9.22662e-12  2.9473e-11 5.91265e-15 3.27936e-16  1.5916e-11 5.07011e-11 1.51723e-15 5.39844e-15           1 4.93216e-15 1.77099e-15 1.63384e-14 8.82321e-15 1.33844e-10 4.30116e-10
6.98638e-15 8.17186e-16 1.48789e-11 5.33487e-11 1.92944e-15 5.75055e-15 2.56732e-11 9.17753e-11 3.07486e-15 1.10354e-14 5.02359e-15           1 3.14478e-15 3.95515e-14 1.76695e-14 2.15698e-10 7.78501e-10
2.70498e-15 5.22456e-16 5.80688e-12 1.96614e-11  1.9919e-15 9.83274e-16 1.00162e-11 3.38223e-11 8.02023e-16 5.94276e-15 1.68941e-15 2.88502e-15           1 1.28975e-14 7.79476e-15 8.43072e-11 2.86888e-10
1.46256e-11 4.02595e-12 3.97547e-11 1.76844e-10 1.04508e-14 1.07411e-14 6.86601e-11 3.04264e-10 3.38755e-12 3.00034e-14 1.74106e-14 3.96973e-14 1.41074e-14           1 1.86523e-11 5.75673e-10 2.58053e-09
 7.9696e-11 3.18771e-11 2.52323e-11 9.00856e-11 2.78161e-15 3.52564e-15 4.35405e-11 1.54976e-10 1.42213e-11 3.87495e-14 9.14752e-15 1.72347e-14 5.01669e-15 7.69837e-13           1 3.66288e-10 1.31452e-09
1.10508e-10 1.97269e-11 3.84998e-07 1.18545e-06 3.61122e-11 1.95302e-11 6.64001e-07 2.03926e-06 6.04706e-11 2.34106e-10 1.33812e-10 2.19037e-10 8.43065e-11 5.75674e-10 3.66279e-10    0.999994 1.72991e-05
4.31038e-10  5.7848e-11 1.19229e-06 4.07704e-06 1.07462e-10 1.32132e-10 2.05699e-06 7.01367e-06 1.84828e-10  7.9206e-10 4.36907e-10 7.75029e-10 2.86889e-10 2.58053e-09 1.31452e-09 1.72991e-05    0.999941
Overlap Matrix (abs) of the orthonormalized projected bands for spin 1
 at k-point         0         0 -0.333333
maxDeviation is: 0.000691936
          1 1.03751e-12 2.24424e-12 1.47062e-11 8.73014e-16 2.37122e-16 4.45692e-12 4.66158e-12 3.04351e-11 1.32323e-15 1.08776e-15 2.95529e-15  1.8387e-15 4.02539e-11 4.98224e-11 4.20143e-11 2.56589e-10
