Overlap Matrix (abs) of the orthonormalized projected bands for spin 1
 at k-point -0.176471         0         0
maxDeviation is: 4.75097e-06
          1 3.89945e-11  2.6481e-12 3.81321e-10 4.22651e-13 1.06985e-09 4.90878e-10 4.08599e-13 6.66471e-12 1.09949e-09 7.47513e-12 1.81029e-12 4.26563e-10 1.87407e-09 1.75837e-08 5.58597e-10 4.59887e-11
9.06209e-11           1 1.09179e-12 2.28138e-10 7.81925e-14 3.88254e-10 2.53819e-10 1.84319e-13 2.61871e-12 7.21539e-10 2.68631e-12  1.2963e-12 3.24687e-10 1.21238e-09 6.38124e-09 3.14103e-10 1.66527e-11
1.04142e-12  1.0928e-12           1 2.31649e-12 1.15243e-12  2.5497e-10 3.17644e-12  1.6096e-12 7.70982e-12 6.95765e-13 7.96981e-12 1.73557e-12 2.27632e-12 5.29012e-12 4.19057e-09 3.10861e-11 2.34073e-11
4.12876e-10 1.53691e-10 7.77358e-12           1 2.62105e-12 2.85113e-09 6.62012e-10 3.53645e-12 1.84363e-11 1.09765e-09 1.98539e-11 3.99337e-12 3.56426e-10 2.16704e-11 4.68604e-08 3.18844e-10 1.22518e-10
2.51656e-13  1.6028e-13 2.38986e-13 1.51998e-13           1 1.71387e-11 5.46315e-13 4.74103e-11 2.92984e-13 5.93826e-13 8.25952e-14 2.89868e-11 2.81703e-14 2.24963e-13   2.817e-10  2.0432e-12 5.61257e-13
   1.07e-09 3.89249e-10 2.62116e-10 2.85076e-09 1.01371e-10           1  2.3735e-09 1.36786e-10 1.13552e-09 1.45982e-10 2.07968e-09 9.55513e-11 2.16201e-09 6.93265e-09 4.75097e-06 3.47792e-08 1.24544e-08
1.54339e-10 2.09986e-10  6.4763e-12 7.65529e-10  9.9219e-13  2.3719e-09           1 9.18552e-13 1.51539e-11 1.05526e-09 1.65508e-11 3.27654e-12 6.26722e-10 4.24488e-09 3.89839e-08 1.17386e-09 1.01965e-10
3.67961e-13 2.50736e-13 9.08822e-13 1.83237e-13 4.77046e-11 2.08892e-11 7.86038e-13           1 9.02646e-13  9.6799e-13  1.0158e-13 3.31295e-11 2.13706e-13 5.68901e-13  3.4332e-10 2.50124e-12 6.17674e-13
4.59273e-12 4.68455e-12 2.12688e-10 1.04295e-11 5.13789e-12 1.14236e-09 1.37639e-11 7.16552e-12           1 2.97157e-12 2.55747e-11  7.7587e-12 9.96391e-12 2.40964e-11 1.87755e-08 1.37626e-10 2.50427e-11
 7.8559e-10 8.42544e-10 2.46181e-13 1.26971e-09 1.54072e-12 1.45131e-10 1.23789e-09 2.64308e-12 5.28109e-13           1 1.05984e-12 7.24588e-12 5.14757e-10 7.00596e-09 2.38533e-09  1.3623e-09  6.4599e-12
8.33424e-12  8.3848e-12 5.17602e-10 1.90408e-11 9.30201e-12 2.07891e-09 2.48029e-11 1.29697e-11 4.82843e-10 5.23541e-12           1 1.40404e-11 1.80776e-11 4.40636e-11 3.41683e-08 2.50785e-10  6.6962e-11
1.28727e-12 8.96903e-13   9.736e-13 5.83849e-13 3.00993e-11 6.47352e-11 2.61887e-12 3.37119e-11 1.14801e-12 2.94163e-12 4.20629e-13           1 4.35329e-13 1.38734e-12 1.06396e-09 7.84398e-12 3.02643e-12
4.03904e-10 4.56908e-10 6.19028e-12 4.09881e-10  2.3027e-12 2.16145e-09 8.63747e-10  3.2385e-12 1.29595e-11 7.54103e-10 1.52188e-11 4.34016e-12           1 2.15851e-09  3.5525e-08 1.05205e-10 9.27791e-11
2.40155e-09 1.21396e-09 1.95025e-11 4.06219e-10 6.87112e-12 6.93416e-09 4.46891e-09 9.40575e-12 4.51684e-11 6.96945e-09 4.82908e-11 1.19138e-11 2.07195e-09           1 1.13968e-07  4.8043e-10  2.9824e-10
1.75863e-08 6.39761e-09 4.30802e-09 4.68543e-08 1.66607e-09 4.75097e-06 3.90102e-08 2.24811e-09  1.8663e-08 2.39936e-09  3.4181e-08 1.57037e-09 3.55342e-08 1.13943e-07    0.999922 5.71621e-07 2.04697e-07
5.14596e-10  1.2238e-09 9.67657e-11 7.09864e-10 3.09375e-11  3.4779e-08 2.21519e-09 4.15745e-11 2.26104e-10 2.06975e-09 2.42121e-10 4.46789e-11 7.71168e-11 2.67027e-09 5.71618e-07           1  1.4938e-09
5.00092e-11 5.07558e-11 3.04366e-09 1.13893e-10 5.58801e-11 1.24541e-08 1.49431e-10 7.79245e-11 2.87709e-09 3.18073e-11 2.27195e-10 8.43444e-11  1.0857e-10 2.63305e-10 2.04691e-07 1.50241e-09           1
Overlap Matrix (abs) of the orthonormalized projected bands for spin 1
 at k-point -0.117647         0         0
maxDeviation is: 6.12937e-05
          1 3.40027e-11 6.13205e-10 1.74586e-11 1.66907e-11 3.09697e-09  9.7421e-11 2.94755e-10  3.4481e-11 6.18072e-10 4.81322e-11  1.0133e-10 2.97097e-10  2.1412e-09 7.15591e-08  1.8244e-09 2.98318e-09
 3.8991e-11           1 5.55098e-11 2.46865e-12 2.53078e-12 4.70072e-10  1.4768e-11 5.91685e-11 5.10976e-12 2.53434e-10 7.86807e-12 7.88577e-11 4.50921e-11 5.21127e-10 1.08615e-08 2.76888e-10 5.90526e-10
1.15877e-11  1.7499e-10           1 7.19209e-11 7.06255e-11 1.31115e-08 4.11994e-10 3.39986e-11 1.44013e-10 6.46653e-10  2.0691e-10 3.43313e-10 1.25755e-09 2.28595e-09 3.02957e-07 7.72216e-09 1.37646e-08
2.02366e-13 6.26173e-14  6.9529e-13           1 2.64757e-14 5.43918e-12 1.76906e-13 3.28482e-13 2.92415e-11 4.52089e-13 2.85994e-11 1.86002e-13 5.36652e-13 1.03407e-12 1.25657e-10 3.29612e-12 8.29596e-12
1.75281e-11  2.5909e-12 7.40912e-11 9.44763e-13           1 6.59384e-10 5.28892e-11 2.43582e-11 1.93424e-12 5.67359e-12 2.76827e-12 1.21441e-11 5.96084e-11 1.14124e-10 1.52358e-08 3.82022e-10 8.21473e-10
3.10054e-09 4.47964e-10 1.31049e-08 1.22413e-11   6.562e-10           1 3.57891e-09 4.31621e-09 3.18115e-11 1.00338e-09 5.06883e-11 2.14765e-09  1.1203e-08 2.01803e-08  2.6527e-06 6.87732e-08   1.453e-07
9.49839e-11 1.40646e-11 4.01519e-10 5.26174e-12 1.53414e-10 3.57688e-09           1 1.32003e-10  1.0764e-11 3.08296e-11 1.54098e-11  6.5792e-11 3.47426e-10 6.18524e-10  8.2648e-08 2.10124e-09 4.45119e-09
8.62038e-12 1.12735e-10 8.07267e-10 2.38816e-11 2.30112e-11 4.26902e-09 1.34155e-10           1 4.71867e-11 3.69796e-10 6.58525e-11 6.08363e-11 4.09455e-10 3.15118e-09 9.86405e-08 2.51432e-09 4.10374e-09
4.00853e-13 1.07408e-13 2.15389e-13  2.9356e-11  3.4252e-14 2.65733e-12 7.87185e-14 4.02372e-13           1 8.16099e-13 2.56697e-11 2.14267e-13 2.34172e-13 5.68768e-13 6.13628e-11 1.43575e-12 3.12345e-12
4.11361e-10 3.11832e-10 8.16475e-10 6.17578e-12 5.18345e-12 9.52606e-10 2.99641e-11 4.59662e-10 1.12956e-11           1 1.33935e-11 5.89316e-11 9.13787e-11 4.88022e-09 2.20111e-08 5.61118e-10 2.96141e-10
1.03214e-12 2.95107e-13 1.14956e-12  2.9241e-11 1.43433e-13 1.00671e-11 2.57011e-13 1.05388e-12 2.61351e-11 2.12078e-12           1 5.70006e-13 9.75637e-13 2.07953e-12 2.32588e-10 5.94908e-12 1.26422e-11
1.66037e-10 7.45437e-11 5.59044e-11 1.16651e-11 1.15587e-11 2.14878e-09 6.74898e-11 2.17865e-10 2.35923e-11 1.46353e-10 3.46961e-11           1 2.06054e-10 6.47678e-10   4.965e-08 1.26531e-09 2.40153e-09
2.97461e-10 4.40578e-11 1.25744e-09 1.65488e-11 6.59094e-10 1.12031e-08 3.44273e-11 4.13379e-10 3.38541e-11 9.65185e-11 4.84663e-11 2.06045e-10           1 1.93704e-09  2.5886e-07 6.57335e-09   1.394e-08
1.47899e-09 7.82154e-10 1.59484e-09 1.10587e-10 1.08969e-10 2.02244e-08 6.35445e-10 2.14317e-09 2.21897e-10 4.86254e-09 3.19776e-10 1.32108e-09 1.93971e-09           1 4.67309e-07  1.1911e-08 2.14236e-08
7.16416e-08 1.03507e-08 3.02804e-07 2.82805e-10 1.51623e-08  2.6527e-06 8.26947e-08 9.97311e-08 7.34983e-10 2.31843e-08 1.17111e-09 4.96239e-08 2.58858e-07 4.66289e-07     1.00006 1.58908e-06 3.35733e-06
1.82611e-09 2.70429e-10 7.71939e-09 1.01566e-10 4.02388e-09 6.87733e-08 2.04576e-10  2.5378e-09 2.07764e-10 5.92616e-10 2.97448e-10  1.2649e-09 6.65601e-09 1.18914e-08 1.58908e-06           1 8.55771e-08
3.49939e-09 7.32849e-10 1.39213e-08 7.96267e-10 7.82581e-10 1.45295e-07 4.56511e-09 4.17909e-09 1.59459e-09 9.60622e-10 2.29261e-09 2.13367e-09 1.39352e-08  2.1786e-08 3.35721e-06 8.55714e-08           1
Overlap Matrix (abs) of the orthonormalized projected bands for spin 1
 at k-point        0 0.176471        0
maxDeviation is: 6.70714e-07
          1 4.02112e-11 4.16568e-12 3.89692e-10 5.40431e-13 1.76014e-10 4.97907e-10 9.05262e-13 3.07253e-12 1.09988e-09 1.73544e-12 2.63247e-12 4.20254e-10 1.89444e-09 2.89289e-09 4.56453e-10 7.82027e-12
9.18116e-11           1 1.62037e-12 2.31188e-10 3.67734e-13 6.03002e-11 2.56465e-10 6.07735e-13 1.21321e-12  7.2173e-10 6.41171e-13 1.62988e-12 3.22354e-10 1.21978e-09 9.91062e-10 2.76642e-10 2.99202e-12
3.18924e-14  9.0024e-13           1 7.13621e-13 9.81895e-13 2.97397e-11 1.20046e-12 1.36577e-12 9.08118e-12 6.35577e-13 6.47319e-12 1.53867e-12 2.74741e-13  2.3499e-12 4.88771e-10 4.20873e-12  1.4545e-11
4.04499e-10 1.50639e-10 1.14451e-11           1 1.85461e-13 5.06235e-10 6.43827e-10 3.08216e-13 8.40615e-12 1.09679e-09 4.90738e-12  3.7982e-13 3.72841e-10 7.50151e-11 8.32024e-09  5.2198e-11 2.20625e-11
1.94165e-13 1.30845e-13  2.0776e-13 3.97789e-14           1 1.39975e-12 3.99264e-13 4.74036e-11 1.81315e-13 5.95567e-13  4.4025e-14 2.89797e-11 1.29235e-13 2.21167e-13 2.30261e-11 2.02919e-13 2.59529e-13
1.76034e-10 6.04496e-11 3.63561e-11 5.06176e-10 8.35241e-11           1 4.19082e-10 1.09475e-10 1.52066e-10 4.38944e-11 3.07959e-10  1.2694e-10 3.97708e-10 1.22304e-09 6.70714e-07 6.18232e-09  1.7794e-09
1.47361e-10 2.07464e-10 1.03792e-11 7.83751e-10  1.0885e-12 4.18846e-10           1 1.82138e-12 7.75186e-12 1.05601e-09 4.18998e-12  5.1084e-12 6.13031e-10 4.28926e-09 6.88393e-09 9.51736e-10 1.86812e-11
3.71651e-13   2.034e-13 1.02639e-12  1.2027e-13 4.77296e-11 1.24817e-11 6.82072e-13           1 9.00112e-13  9.5362e-13 2.06631e-13 3.31597e-11 2.38801e-13 2.99413e-13 2.05158e-10 1.92192e-12 8.31499e-13
1.67976e-13 3.97355e-12 2.13381e-10 3.52604e-12 4.43021e-12 1.58138e-10 5.11461e-12 6.13761e-12           1 2.92383e-12 3.27844e-11 6.94175e-12 8.97309e-13 1.12723e-11  2.5991e-09 2.32131e-11 1.90113e-11
7.85258e-10 8.42443e-10 1.30117e-13  1.2706e-09  1.6814e-12 4.38076e-11 1.23721e-09 2.84956e-12 8.56623e-14           1 3.16512e-13 7.40679e-12 5.14046e-10 7.00816e-09 7.19937e-10 1.35137e-09 1.87258e-12
 3.5879e-13 7.13796e-12  5.1918e-10 6.62877e-12 8.06025e-12 3.07285e-10 9.00287e-12 1.11657e-11 4.75656e-10 5.19527e-12           1  1.2629e-11 1.50365e-12 2.09807e-11  5.0504e-09 4.51929e-11 1.09231e-11
 9.8182e-13 5.62447e-13 6.93182e-13 2.00952e-13 3.00791e-11  1.0161e-11 1.69343e-12 3.37473e-11 6.84542e-13 2.50879e-12 5.53202e-14           1 6.73602e-13 1.28577e-12  1.6699e-10 1.47711e-12 6.10653e-13
4.10099e-10 4.58933e-10 1.20562e-11 3.93379e-10 4.50878e-13 3.97616e-10 8.76911e-10 7.88575e-13 9.43954e-12 7.54394e-10 4.22101e-12 1.83217e-12           1 2.11814e-09 6.53506e-09 3.05292e-10 1.86917e-11
2.38115e-09 1.20652e-09 2.98762e-11  3.5294e-10   9.892e-13 1.22327e-09 4.42466e-09 1.68408e-12 2.24052e-11 6.96736e-09 1.20228e-11 3.60605e-12 2.11192e-09           1 2.01051e-08 1.69304e-10  5.2126e-11
2.89323e-09 9.93574e-10 5.97045e-10 8.31926e-09  1.3728e-09 6.70714e-07 6.88795e-09 1.79935e-09 2.49976e-09  7.2153e-10 5.06146e-09 2.08641e-09 6.53655e-09 2.01013e-08    0.999989  1.0161e-07 2.92457e-08
6.16763e-10  1.2612e-09 1.45485e-10 4.43312e-10 1.24746e-12  6.1823e-09 2.43717e-09 2.20477e-12 1.07587e-10 2.08044e-09 6.08747e-11 7.27575e-13 1.24018e-10  2.0211e-09  1.0161e-07           1 2.76263e-10
1.91258e-12 4.31805e-11 3.05202e-09 3.92352e-11 4.83103e-11 1.77914e-09  5.4911e-11 6.69371e-11 2.83264e-09 3.12054e-11 3.04888e-10 7.56864e-11 9.66485e-12 1.25039e-10 2.92412e-08 2.61382e-10           1
Overlap Matrix (abs) of the orthonormalized projected bands for spin 1
 at k-point         0         0 0.0588235
maxDeviation is: 1.57391e-05
          1 2.46191e-10 3.78703e-13 5.40763e-13  5.7928e-11 5.49192e-14 5.61766e-13 3.25437e-12 6.37007e-13 6.10469e-13 4.16222e-12 7.28699e-16 9.32934e-16 1.50115e-09  9.6882e-11 3.40786e-11 1.85795e-10
1.97441e-10           1 2.75591e-12 1.63118e-12  7.1772e-10  2.8551e-13 7.31521e-13 2.41041e-11 1.08147e-11 2.29134e-12 5.32127e-12 4.24194e-15 4.56459e-15 1.30629e-09 7.15587e-10  3.2115e-10 1.65441e-10
3.70518e-13 2.73615e-12           1 1.39941e-10 1.97861e-12 1.51532e-12 9.78987e-13 2.02403e-09 1.19691e-09 1.02445e-11 7.55356e-12 1.40419e-13 2.82597e-13 3.68828e-12 6.02834e-08 3.39363e-08  3.4909e-11
7.16923e-14 1.20525e-12 1.39941e-10           1 1.23096e-12 9.11629e-13 1.54096e-12 1.22618e-09 6.86108e-10 7.35541e-12  1.0755e-11 9.84687e-14 1.70801e-13 1.77984e-12 3.64994e-08 1.94126e-08 1.73781e-11
1.20817e-10 5.16957e-10 1.95437e-12 7.40293e-13           1 2.09977e-13 5.59778e-13 1.71693e-11 9.21406e-12 1.44297e-12 4.26219e-12  3.7898e-15 2.35683e-15 2.04063e-09  5.0947e-10 2.39006e-10   2.357e-10
1.19681e-15 1.48703e-16 9.60471e-14 6.25809e-14 3.23337e-15           1 1.77969e-15 9.61886e-13 5.19908e-13 3.49531e-12 2.29826e-13 5.07415e-14 5.69052e-15   2.776e-15 2.81138e-11 1.47914e-11 1.41837e-14
1.61162e-13 1.76671e-13 8.58081e-14 3.14794e-14 2.36245e-13 1.20261e-15           1  7.4747e-13 2.91528e-13 2.23572e-13 3.46982e-12 7.31672e-16 1.82253e-15 2.27446e-13 2.21469e-11 7.99994e-12 1.59749e-14
3.26491e-12 2.39878e-11 2.02403e-09 1.22618e-09 1.73467e-11 1.30815e-11 8.69733e-12           1 1.04874e-08 8.84223e-11 6.69356e-11  1.2366e-12 2.47598e-12 3.23532e-11 5.28452e-07 2.97344e-07 3.05988e-10
1.46503e-12 1.12132e-11 1.19691e-09 6.86111e-10 9.17291e-12 8.12569e-12 1.32384e-11 1.04874e-08           1 6.51587e-11 9.22956e-11 8.43814e-13    1.46e-12 1.53543e-11 3.12171e-07 1.65858e-07 1.47656e-10
8.58555e-14 1.00057e-13 2.43063e-13 1.31603e-13 1.32169e-13 3.56277e-12 2.32594e-13  1.9834e-12 1.20523e-12           1 1.17607e-14 3.74777e-13 2.57444e-14 1.22508e-13  5.9174e-11 3.37768e-11  1.2205e-13
1.20192e-12 1.33244e-12 3.95246e-13  2.2915e-13 1.82787e-12 2.32005e-13 3.53937e-12 3.43445e-12 2.15702e-12 2.58449e-14           1 2.75841e-14 9.41114e-16 1.58924e-12 1.02428e-10  5.9844e-11 5.38767e-14
1.38648e-15 2.11622e-15 1.41798e-13 9.81779e-14 1.14436e-14 6.15168e-14 5.34066e-16 1.23868e-12  8.4294e-13 4.53796e-13  3.2508e-14           1 5.00371e-16 1.02822e-14 3.69423e-11 2.40188e-11 4.58118e-14
5.16969e-16 2.08016e-15  2.8248e-13 1.69946e-13 6.54707e-15  7.7911e-15  1.8272e-15 2.47585e-12 1.45878e-12 4.31076e-14 1.14268e-15 5.57362e-16           1 6.80429e-15 7.37851e-11 4.13278e-11 4.40186e-14
1.62952e-09 1.55835e-09 3.69672e-12 1.84328e-12 2.79728e-09  4.1629e-13 6.21297e-13  3.2376e-11  1.5142e-11 3.21294e-12 4.39546e-12 1.02147e-14 2.67885e-15           1 9.60546e-10  4.3083e-10 2.70243e-11
 9.6632e-11 7.12003e-10 6.02834e-08 3.64994e-08 5.14605e-10 3.81999e-10  2.6218e-10 5.28452e-07 3.12171e-07 2.56957e-09 2.01496e-09 3.69329e-11 7.37837e-11 9.59766e-10     1.00002 8.85082e-06 9.08314e-09
3.35628e-11  3.1071e-10 3.39364e-08 1.94126e-08  2.6906e-10 2.43707e-10 3.85644e-10 2.97344e-07 1.65858e-07 1.96017e-09 2.68446e-09 2.40313e-11  4.1328e-11 4.34456e-10 8.85082e-06           1 4.17934e-09
1.28525e-10 1.43898e-09 3.49112e-11 1.75742e-11  3.7386e-09 3.81828e-12 3.60801e-12 3.05983e-10 1.47313e-10 2.88794e-11 2.48358e-11 4.10682e-14 4.48843e-14 1.22295e-09 9.08315e-09 4.18028e-09           1
Overlap Matrix (abs) of the orthonormalized projected bands for spin 1
 at k-point -0.411765 -0.470588  0.352941
maxDeviation is: 5.75402e-05
          1 2.14329e-08 1.14503e-08 8.16376e-09 4.13949e-08 8.19904e-08  1.3726e-08  7.9499e-08 2.39702e-07  2.0613e-07 1.94769e-07 5.73898e-07 1.15083e-06 1.01002e-06 7.23235e-07 7.59771e-08 5.50311e-07
2.14274e-08           1 1.13199e-08 7.17204e-09 3.89254e-08 7.63149e-08 1.29462e-08 7.42658e-08 2.25337e-07 1.91648e-07 1.82003e-07  5.3671e-07 1.07877e-06  9.4733e-07 6.77085e-07 7.06675e-08 5.15539e-07
1.14493e-08 1.12592e-08           1 3.77548e-09  2.0878e-08 4.08004e-08 6.97775e-09  3.9736e-08 1.20819e-07 1.02549e-07 9.73755e-08  2.8703e-07 5.78146e-07 5.07906e-07 3.62481e-07 3.76609e-08 2.76152e-07
8.05188e-09  7.8759e-09 4.30358e-09           1 1.46084e-08 2.86655e-08 4.76878e-09 2.79616e-08 8.44913e-08 7.17574e-08 6.83276e-08 2.02254e-07 4.04171e-07 3.54579e-07 2.54417e-07 2.67777e-08 1.93399e-07
4.12512e-08 3.87079e-08 2.06988e-08 1.44769e-08           1 1.47138e-07 2.48615e-08 1.42739e-07 4.30591e-07 3.69719e-07 3.49616e-07 1.03035e-06  2.0678e-06  1.8148e-06 1.29886e-06 1.36225e-07 9.88306e-07
8.17911e-08 7.76047e-08 4.19395e-08 2.86877e-08 1.47249e-07           1 4.88968e-08  2.8261e-07 8.53823e-07   7.306e-07 6.92629e-07 2.04265e-06 4.09457e-06 3.59345e-06 2.57357e-06 2.70298e-07 1.95793e-06
1.38703e-08 1.25385e-08 6.54654e-09 5.03479e-09 2.44788e-08 4.91726e-08           1 4.76054e-08 1.42952e-07 1.23851e-07 1.16573e-07 3.42939e-07 6.88109e-07 6.03869e-07 4.32325e-07  4.5449e-08 3.28989e-07
7.94028e-08 7.49256e-08 4.04266e-08 2.77112e-08 1.42854e-07 2.82523e-07 4.74752e-08           1 8.28199e-07  7.0942e-07 6.71783e-07 1.98117e-06 3.97266e-06 3.48666e-06 2.49651e-06 2.62044e-07 1.89948e-06
2.39886e-07 2.23639e-07  1.1932e-07 8.45786e-08 4.30251e-07 8.53671e-07 1.43638e-07 8.27816e-07           1 2.14633e-06 2.02796e-06  5.9748e-06  1.1989e-05 1.05227e-05 7.53169e-06 7.90279e-07 5.73144e-06
2.05649e-07 1.94218e-07 1.04811e-07 7.22849e-08 3.70031e-07 7.31962e-07 1.22832e-07  7.1041e-07 2.14507e-06           1 1.74077e-06 5.13397e-06 1.02894e-05  9.0296e-06  6.4678e-06 6.79607e-07 4.92028e-06
1.94521e-07 1.83244e-07 9.83653e-08 6.75014e-08 3.49928e-07 6.91751e-07 1.16371e-07 6.72101e-07 2.02885e-06 1.73813e-06           1 4.85293e-06  9.7326e-06 8.54208e-06 6.11558e-06 6.41391e-07 4.65311e-06
5.72776e-07 5.43944e-07 2.94123e-07 1.98662e-07 1.03237e-06 2.03804e-06 3.42825e-07 1.97914e-06 5.98315e-06  5.1162e-06  4.8492e-06     1.00001 2.86859e-05 2.51778e-05 1.80257e-05 1.89094e-06 1.37154e-05
1.15141e-06 1.07638e-06 5.75863e-07 4.05681e-07 2.06521e-06 4.09628e-06 6.88728e-07 3.97313e-06 1.19852e-05 1.02948e-05 9.73345e-06 2.86852e-05     1.00006 5.05009e-05 3.61539e-05 3.79498e-06 2.75099e-05
1.01103e-06 9.41367e-07 5.02721e-07 3.56699e-07 1.81209e-06 3.59652e-06 6.04659e-07  3.4876e-06 1.05165e-05 9.04198e-06 8.54247e-06 2.51747e-05 5.05023e-05     1.00004 3.17305e-05 3.33034e-06 2.41444e-05
7.22577e-07 6.81723e-07 3.66011e-07 2.52763e-07 1.29917e-06 2.57091e-06 4.32424e-07 2.49604e-06 7.53581e-06 6.45694e-06 6.11494e-06 1.80266e-05 3.61542e-05 3.17314e-05     1.00002  2.3845e-06  1.7286e-05
 7.5343e-08 7.43428e-08 4.14928e-08 2.71553e-08 1.36963e-07 2.69865e-07 4.52096e-08   2.606e-07 7.92607e-07 6.74069e-07 6.43327e-07 1.89268e-06 3.79408e-06 3.33026e-06 2.38491e-06           1 1.81476e-06
5.50106e-07 5.16527e-07 2.77039e-07 1.93548e-07 9.88142e-07  1.9578e-06 3.29148e-07 1.89917e-06 5.73193e-06 4.91855e-06 4.65375e-06 1.37154e-05 2.75106e-05 2.41452e-05  1.7286e-05 1.81451e-06     1.00001
Overlap Matrix (abs) of the orthonormalized projected bands for spin 1
 at k-point -0.117647 -0.470588 -0.352941
maxDeviation is: 1.45224e-05
          1 6.36571e-09 3.43524e-09 2.25988e-09 1.17849e-08 2.34862e-08 4.01733e-09 2.28056e-08 6.89975e-08 5.88732e-08 5.57182e-08  1.6476e-07 3.31004e-07 2.90372e-07 2.07918e-07 2.20383e-08 1.58216e-07
6.37372e-09           1 2.64336e-09 2.60528e-09 1.09579e-08 2.26239e-08 3.69755e-09 2.16975e-08 6.42286e-08 5.69289e-08 5.29581e-08 1.56165e-07 3.11216e-07 2.72461e-07 1.96354e-07 2.12729e-08 1.49074e-07
3.43853e-09  2.7045e-09           1 1.46027e-09 5.83494e-09 1.21822e-08 1.93514e-09 1.16533e-08 3.42461e-08 3.05664e-08 2.84485e-08 8.40108e-08 1.66207e-07 1.45304e-07 1.05254e-07 1.15735e-08 7.97554e-08
2.36399e-09 1.89372e-09 9.27889e-10           1 4.08106e-09 8.40274e-09 1.46686e-09 7.99195e-09 2.39969e-08 2.13741e-08 1.97028e-08 5.73367e-08 1.16599e-07 1.02425e-07 7.28233e-08 7.66872e-09 5.56026e-08
1.19932e-08  1.1232e-08 6.04312e-09 4.24876e-09           1 4.23481e-08 7.01411e-09 4.10491e-08 1.23982e-07 1.06354e-07  1.0038e-07 2.96635e-07  5.9429e-07 5.21335e-07  3.7394e-07 3.98576e-08 2.84552e-07
2.36927e-08 2.13326e-08 1.10396e-08 8.41045e-09 4.20206e-08           1 1.42529e-08 8.14979e-08 2.44856e-07 2.12562e-07  1.9887e-07  5.8628e-07 1.17936e-06 1.03472e-06 7.40453e-07 7.85453e-08 5.63759e-07
3.85508e-09 4.08662e-09 2.35586e-09 1.19927e-09 7.32585e-09 1.39088e-08           1 1.35789e-08 4.16686e-08 3.46373e-08 3.32335e-08 9.88225e-08 1.98116e-07 1.73843e-07  1.2456e-07 1.31702e-08 9.47527e-08
2.29163e-08 2.10435e-08 1.09632e-08 8.27365e-09 4.07374e-08 8.16114e-08 1.37799e-08           1 2.37518e-07 2.05445e-07 1.92969e-07 5.68881e-07 1.14304e-06 1.00265e-06 7.18091e-07  7.6333e-08 5.46555e-07
6.88832e-08 6.59659e-08 3.57578e-08 2.40139e-08 1.23774e-07 2.45179e-07 4.12121e-08 2.37989e-07    0.999999  6.1447e-07 5.81611e-07 1.72052e-06 3.44873e-06 3.02478e-06 2.16902e-06 2.30841e-07 1.64997e-06
5.94025e-08 5.43847e-08 2.83107e-08 2.09328e-08 1.05554e-07 2.11308e-07 3.58463e-08 2.04494e-07 6.15611e-07    0.999999 4.99322e-07 1.47181e-06  2.9626e-06 2.59973e-06 1.85944e-06 1.96941e-07 1.41604e-06
5.60024e-08 5.17311e-08 2.74592e-08  2.0606e-08 9.95877e-08 1.99813e-07 3.36093e-08 1.92653e-07 5.80506e-07 5.01869e-07           1 1.39075e-06 2.79295e-06  2.4498e-06 1.75522e-06 1.87104e-07 1.33589e-06
1.65978e-07 1.48961e-07 7.69153e-08 6.11519e-08 2.93175e-07 5.91045e-07 9.94426e-08 5.70879e-07 1.71143e-06 1.48922e-06  1.3944e-06    0.999996 8.24999e-06 7.23553e-06 5.18407e-06 5.52172e-07 3.94521e-06
 3.3058e-07 3.13626e-07 1.68461e-07 1.15528e-07 5.93925e-07 1.17784e-06  1.9849e-07 1.14238e-06 3.45065e-06 2.95616e-06 2.79162e-06 8.24972e-06    0.999983 1.45224e-05 1.04064e-05 1.10606e-06 7.91844e-06
2.89527e-07 2.78466e-07 1.50477e-07 1.00698e-07 5.21499e-07  1.0319e-06 1.73939e-07 1.00163e-06 3.02956e-06 2.58665e-06 2.44918e-06 7.23841e-06 1.45221e-05    0.999987 9.12948e-06 9.70676e-07  6.9465e-06
2.08695e-07 1.91749e-07 1.01717e-07 7.47624e-08 3.71811e-07 7.43308e-07 1.25098e-07 7.18513e-07 2.16396e-06 1.86984e-06 1.75573e-06 5.18309e-06  1.0407e-05 9.12875e-06    0.999993 6.95281e-07 4.97697e-06
2.26857e-08 1.76043e-08 7.74395e-09 7.32028e-09 3.89292e-08 7.90013e-08 1.34777e-08 7.77746e-08 2.28425e-07 2.02433e-07 1.85161e-07 5.50455e-07 1.10712e-06 9.70813e-07 6.94902e-07           1 5.28712e-07
1.58529e-07 1.48126e-07 7.88702e-08 5.56754e-08 2.83361e-07 5.64098e-07 9.50882e-08 5.46889e-07 1.64893e-06 1.41756e-06 1.33529e-06 3.94554e-06 7.91937e-06 6.94659e-06 4.97744e-06 5.28992e-07    0.999996
Overlap Matrix (abs) of the orthonormalized projected bands for spin 1
 at k-point          0          0 -0.0588235
maxDeviation is: 0.000395254
          1 2.46688e-10 1.77155e-11 1.47959e-11 5.79961e-11  8.9803e-14 4.96468e-13 1.52299e-10 1.34748e-10 4.36432e-13 3.74744e-12 4.16426e-15 7.65175e-15 1.50167e-09 5.27061e-09 2.80488e-09 1.80259e-10
1.97047e-10           1 9.61366e-11 8.20151e-11 7.19239e-10 4.90025e-13 6.12896e-13 8.27056e-10 7.29316e-10  3.3863e-12 4.62581e-12 1.89423e-14  3.5098e-14 1.30948e-09 2.86227e-08 1.52542e-08 1.35703e-10
1.76997e-11 9.61033e-11           1 3.82132e-09 7.51584e-11 5.81286e-13 1.56968e-12 3.83379e-08 3.38334e-08 2.65893e-12 1.24247e-11 8.71476e-13 1.56984e-12 1.43276e-10 1.32712e-06 7.08618e-07   1.318e-09
1.52652e-11 8.24324e-11 3.82132e-09           1   6.403e-11 1.56411e-12 3.69466e-13 3.28765e-08 2.90331e-08 1.37382e-11  8.3838e-13  7.3986e-13 1.34203e-12 1.22647e-10  1.1382e-06 6.08229e-07 1.12827e-09
1.20509e-10 5.15268e-10 7.50882e-11 6.47117e-11           1 3.75471e-13 8.65343e-13 6.46241e-10  5.6804e-10  3.1033e-12 6.21815e-12 1.55654e-14 2.69309e-14  2.0381e-09 2.23598e-08  1.1906e-08 2.58862e-10
3.16251e-15 4.80069e-15 4.05654e-13 3.44365e-13  2.1347e-14           1 1.12685e-15 3.44889e-12 3.03605e-12 3.49129e-12 2.27594e-13 5.07216e-14 6.39968e-15  1.8644e-14 1.19508e-10 6.35489e-11 1.06035e-13
1.62095e-13 1.77497e-13 2.60115e-13 2.10886e-13 2.23929e-13 1.94865e-15           1 2.24596e-12 1.76137e-12 2.19908e-13 3.47804e-12 5.17434e-16 1.91654e-15 2.37316e-13 7.63398e-11 3.56368e-11 4.90338e-14
1.52344e-10 8.26932e-10 3.83379e-08 3.28765e-08  6.4664e-10 5.15017e-12 1.36937e-11           1 2.91084e-07 2.31104e-11 1.08286e-10 7.49432e-12 1.35051e-11 1.23286e-09 1.14179e-05 6.09654e-06 1.13403e-08
1.33827e-10 7.28779e-10 3.38334e-08 2.90331e-08 5.68656e-10 1.36113e-11 3.23751e-12 2.91084e-07           1 1.19902e-10 7.41426e-12 6.55463e-12 1.18915e-11 1.08561e-09 1.00774e-05 5.38509e-06 9.98968e-09
9.11021e-14  1.3022e-13 2.28507e-12 1.88808e-12 1.03354e-13 3.56072e-12 2.29588e-13 1.88386e-11 1.66302e-11           1 1.34508e-14 3.74662e-13 2.82904e-14 1.71848e-13 6.55698e-10 3.47869e-10 4.15251e-13
1.20309e-12 1.33953e-12 1.79393e-12 1.52587e-12 1.82569e-12 2.31708e-13 3.53418e-12 1.54209e-11 1.36885e-11 2.07827e-14           1 2.64989e-14 2.50269e-15 1.59908e-12 5.34213e-10  2.8649e-10 6.34336e-13
5.81665e-15 2.91772e-14 8.70217e-13 7.40276e-13 1.06561e-13 6.12888e-14 2.15462e-16 7.49273e-12 6.55447e-12 4.51895e-13 3.70451e-14           1 2.12869e-15 6.49038e-14 2.59011e-10 1.36829e-10 2.81539e-13
5.38172e-15 3.39245e-14 1.56963e-12 1.34319e-12 2.67463e-14 7.29234e-15 2.08096e-15 1.35047e-11 1.18928e-11 4.17411e-14  3.5275e-15 2.40919e-15           1 5.01093e-14 4.67302e-10 2.48874e-10 4.63912e-13
1.62893e-09 1.55504e-09 1.43261e-10  1.2258e-10 2.79963e-09  7.2127e-13 6.96392e-13 1.23256e-09 1.08591e-09 5.18913e-12 5.00948e-12 1.96252e-14 5.06167e-14           1 4.26533e-08 2.27275e-08 1.73548e-11
5.27065e-09 2.86198e-08 1.32712e-06  1.1382e-06 2.23687e-08 1.52003e-10 3.88779e-10 1.14179e-05 1.00774e-05 1.21961e-09 3.11676e-09 2.59015e-10 4.67307e-10 4.26612e-08      1.0004 0.000211073 3.92436e-07
2.80529e-09 1.52617e-08 7.08618e-07 6.08229e-07 1.18861e-08 4.00228e-10 1.42081e-10 6.09654e-06 5.38509e-06 3.37857e-09 6.95486e-10 1.36851e-10 2.48883e-10 2.27204e-08 0.000211073     1.00011 2.09089e-07
1.33944e-10 1.40908e-09 1.31801e-09 1.12806e-09 3.76137e-09 6.63278e-12 6.31462e-12 1.13403e-08 9.99005e-09 4.87523e-11 4.42881e-11 2.84958e-13 4.64949e-13  1.2674e-09 3.92437e-07 2.09088e-07           1
