Overlap Matrix (abs) of the orthonormalized projected bands for spin 1
 at k-point 0.0666667         0         0
maxDeviation is: 6.91255e-05
          1 1.01042e-12  9.1875e-15 1.53475e-11 2.04031e-14 2.28467e-10 3.05223e-14 7.19451e-13 1.32261e-14   2.473e-12  4.8045e-14 3.34474e-13 7.02743e-11 1.20194e-13 2.31648e-11 9.12146e-09 1.16677e-12
9.50607e-13           1 1.19598e-15  7.4518e-13 5.37198e-15 9.86964e-11 1.26666e-14 3.27479e-13 4.42317e-15   6.625e-13 2.17079e-14 2.24465e-14 4.00734e-12 4.89156e-14 1.44212e-12 3.94042e-09 4.68424e-13
7.50031e-15 8.75482e-16           1 6.19634e-14 1.47872e-15 2.52341e-11  5.4465e-15 1.07873e-14 6.02713e-14 6.76851e-15 4.75232e-13 7.90433e-15 1.00759e-13 1.99397e-14 3.19058e-13 1.00749e-09 2.11592e-13
1.58431e-11 2.90811e-12 6.17458e-14           1 8.01068e-14 1.36949e-09 1.79638e-13 8.16299e-12 7.02185e-14 1.82253e-11 2.97116e-13 1.69674e-12 1.12634e-11 6.91593e-13 8.40099e-12 5.46765e-08 6.71389e-12
1.10114e-14 5.59279e-15 1.51706e-15 7.88118e-14           1 1.01009e-10 4.11509e-14 3.40105e-14 4.90565e-15 3.01943e-14 2.21943e-14 3.30023e-14 1.28445e-13 4.57687e-14 4.03739e-13 4.03274e-09 4.09751e-13
2.28465e-10 9.86964e-11 2.49597e-11 1.36949e-09 1.01009e-10    0.999998 2.30926e-10 5.75436e-10 8.24329e-11 4.98009e-10 3.79798e-10 5.63882e-10 2.20514e-09 8.72434e-10 6.95645e-09 6.91255e-05 8.41123e-09
3.13095e-14 1.36713e-14 5.08715e-15 1.79751e-13 1.41037e-12 2.30926e-10           1 7.55337e-14 1.06783e-14 6.86304e-14  5.2064e-14 7.52936e-14 2.86225e-13 1.41198e-13 9.03847e-13 9.21968e-09 1.39903e-12
6.13479e-13 4.19146e-13  1.0477e-14 3.81031e-12  3.3022e-14 5.75435e-10 7.41743e-14           1 2.68732e-14 1.03569e-12 1.27321e-13 3.37405e-13 1.89308e-11  2.8314e-13  9.2956e-12 2.29741e-08 2.72465e-12
 1.1138e-14 4.93495e-15 5.40006e-14 6.88025e-14 5.23352e-15 8.28887e-11 1.08599e-14 2.76896e-14           1 2.44181e-14 6.57867e-13 2.72253e-14 1.08353e-13 4.21219e-14 3.53454e-13 3.30932e-09  4.0355e-13
3.21909e-12 6.72989e-13 5.64368e-15 1.30471e-11 3.01863e-14 4.98007e-10 6.67977e-14 2.09494e-13 2.23354e-14           1 1.13492e-13 5.31415e-13 6.19603e-11 2.54285e-13 2.37211e-11 1.98829e-08  2.4622e-12
 5.0553e-14 2.10452e-14 4.96714e-13 2.97449e-13  2.1697e-14 3.79191e-10 5.21758e-14 1.25218e-13 7.13126e-13  1.0673e-13           1 1.22888e-13 4.79878e-13 1.96865e-13 1.51061e-12 1.51391e-08 1.90766e-12
2.67526e-13 1.92248e-14 7.67935e-15 1.19229e-12 3.26603e-14 5.63882e-10 7.56673e-14 3.87791e-14 2.63196e-14 2.10138e-14 1.24898e-13           1 6.58973e-12 2.84453e-13 4.35048e-12 2.25128e-08 2.74204e-12
8.08138e-11 8.27688e-12 1.00252e-13 1.05713e-11 1.26237e-13 2.20514e-09 2.87176e-13 2.77323e-11 1.15139e-13 7.56738e-11 4.79467e-13 7.90586e-12           1 1.10398e-12 2.33742e-11 8.80397e-08 1.07088e-11
1.19272e-13 4.91245e-14 2.01623e-14 6.91387e-13 5.34691e-12 8.72435e-10 1.56599e-12 2.83257e-13  4.1319e-14 2.55445e-13 1.96828e-13 2.84445e-13  1.1049e-12           1 3.48458e-12 3.48317e-08 5.07975e-12
3.16884e-11   8.169e-12 3.18347e-13  1.2051e-11  4.0087e-13 6.95644e-09 9.05536e-13 1.07305e-11 3.50646e-13 4.42514e-12 1.51331e-12 2.64312e-12 8.47165e-12 3.48461e-12           1 2.77735e-07 3.37894e-11
9.12146e-09 3.94042e-09 9.96514e-10 5.46765e-08 4.03274e-09 6.91255e-05 9.21968e-09 2.29741e-08 3.29111e-09 1.98829e-08 1.51633e-08 2.25128e-08 8.80397e-08 3.48317e-08 2.77735e-07     0.99724 3.35816e-07
1.16674e-12 4.68324e-13 2.11387e-13  6.7121e-12 5.88315e-11 8.41123e-09 1.73887e-11 2.72596e-12 4.00949e-13 2.46235e-12 1.90847e-12 2.74135e-12  1.0712e-11 5.09063e-12 3.37884e-11 3.35816e-07           1
Overlap Matrix (abs) of the orthonormalized projected bands for spin 1
 at k-point         0 0.0666667         0
maxDeviation is: 0.000269782
          1 1.02316e-12 7.24297e-15 1.60705e-11   2.668e-14 7.08334e-10 8.59706e-14 6.78399e-13 3.86385e-14 2.45885e-12 1.52898e-13 3.87594e-13 7.14538e-11 3.04104e-13 1.94459e-11   2.828e-08  3.2146e-12
9.40805e-13           1 5.78181e-15 1.01703e-12 1.80256e-14 4.71294e-10 5.83709e-14 2.45377e-13  2.5306e-14 5.62434e-13 1.02041e-13  1.4731e-13 4.35967e-12 1.99067e-13 2.23608e-12 1.88163e-08 2.12763e-12
5.57486e-15 5.73671e-15           1 4.59152e-14 3.08772e-15 8.41346e-11 9.94955e-15  2.5712e-14 6.28281e-14  2.4043e-14 4.66412e-13 2.76737e-14 7.45164e-14 3.37084e-14 2.33646e-13 3.35906e-09 3.66162e-13
1.51207e-11 2.76137e-12 4.56221e-14           1 2.39202e-13 6.03973e-09  7.2464e-13 8.80371e-12 3.25301e-13 1.83079e-11 1.28823e-12   2.534e-12 2.35916e-11 2.50225e-12 4.75216e-11 2.41135e-07 2.66577e-11
2.98015e-14 1.90706e-14 3.19058e-15 2.40752e-13           1 2.60997e-10 4.49476e-14 8.05743e-14 1.33837e-14 7.58858e-14 5.66571e-14 8.60421e-14 3.87082e-13 7.51462e-14 1.23273e-12 1.04202e-08 8.12075e-13
7.08333e-10 4.71294e-10 8.38673e-11 6.03973e-09 2.60997e-10    0.999993 8.05073e-10 2.06453e-09 3.63348e-10 1.90414e-09 1.45652e-09 2.23159e-09 9.76976e-09 2.80076e-09  3.1008e-08 0.000269782 2.98232e-08
 8.6295e-14 5.78775e-14 9.83418e-15 7.23871e-13 1.40831e-12 8.05073e-10           1 2.44604e-13 4.08745e-14 2.26869e-13 1.75608e-13 2.66732e-13 1.16893e-12 2.62511e-13 3.71737e-12 3.21421e-08 2.67494e-12
5.76578e-13 5.15904e-13 2.53453e-14 3.75107e-12 7.82887e-14 2.06453e-09 2.45553e-13           1 1.10836e-13 1.44619e-12 4.46214e-13 8.26572e-13 1.83735e-11 8.53084e-13 1.45878e-11 8.24257e-08 9.07475e-12
3.79129e-14 2.58055e-14 5.19889e-14 3.25152e-13 1.39884e-14 3.63788e-10 4.09951e-14 1.11742e-13           1  1.0293e-13 5.97776e-13 1.20468e-13 5.25815e-13 1.40941e-13 1.67123e-12 1.45242e-08  1.5036e-12
3.20307e-12 7.75508e-13 2.25679e-14 1.31441e-11 6.81586e-14 1.90414e-09 2.31718e-13 6.25433e-13 1.00447e-13           1 4.15091e-13 9.96759e-13 6.20164e-11 7.90533e-13 2.51201e-11 7.60222e-08   8.447e-12
1.50577e-13 1.01412e-13 5.05866e-13 1.28808e-12 5.61079e-14 1.45595e-09 1.74617e-13 4.44069e-13 7.72811e-13 4.08664e-13           1 4.80202e-13 2.08316e-12 6.07374e-13 6.60977e-12 5.81284e-08 6.46806e-12
3.33505e-13 1.44238e-13 2.75429e-14 2.34484e-12 8.50737e-14 2.23159e-09 2.67673e-13 5.29414e-13 1.19603e-13 4.46095e-13  4.8201e-13           1  7.4561e-12 9.27535e-13 1.07776e-11 8.90956e-08 9.88771e-12
7.96334e-11 8.01134e-12 7.34168e-14 1.75544e-12 3.89294e-13 9.76976e-09 1.17173e-12 2.86294e-11 5.26575e-13 7.57302e-11  2.0831e-12 8.36644e-12           1  4.0412e-12 8.71616e-11 3.90055e-07 4.30628e-11
 3.0287e-13 1.98931e-13 3.37095e-14 2.50233e-12 5.35969e-12 2.80076e-09 1.48296e-12 8.53551e-13 1.40755e-13 7.90763e-13 6.07384e-13 9.27861e-13 4.04182e-12           1 1.28392e-11 1.11819e-07  9.6203e-12
3.54238e-11 7.52412e-12 2.32237e-13 5.11726e-11  1.2319e-12  3.1008e-08 3.71844e-12 1.57589e-11 1.66865e-12  9.6237e-12 6.61264e-12  1.0586e-11 7.22598e-11 1.28391e-11           1 1.23799e-06 1.36793e-10
  2.828e-08 1.88163e-08 3.34837e-09 2.41135e-07 1.04202e-08 0.000269782 3.21421e-08 8.24257e-08 1.45066e-08 7.60222e-08  5.8151e-08 8.90956e-08 3.90055e-07 1.11819e-07 1.23799e-06    0.989229 1.19068e-06
3.21471e-12  2.1277e-12 3.65518e-13 2.66545e-11 5.88408e-11 2.98232e-08 1.62091e-11 9.07516e-12 1.50295e-12 8.44768e-12 6.46835e-12 9.88808e-12 4.30638e-11 9.63095e-12 1.36793e-10 1.19068e-06           1
Overlap Matrix (abs) of the orthonormalized projected bands for spin 1
 at k-point 0.0666667 0.0666667         0
maxDeviation is: 0.115858
          1  2.4542e-14 6.00293e-12 9.35375e-11 8.10296e-13 1.48519e-07 9.07959e-13 5.52675e-14 6.17989e-11 2.09058e-11 3.66785e-14 2.53883e-14 4.55368e-07  2.1825e-10 3.69698e-10 1.01199e-11 3.39062e-06
2.43402e-14           1 4.00752e-15 1.43386e-13 2.08396e-15 2.69986e-10 1.79636e-15 6.17156e-15 1.14655e-13 4.37251e-14  6.0053e-13  4.9999e-13 8.27792e-10 2.71631e-13 7.28873e-13 1.43765e-14 6.16364e-09
1.39927e-12 3.70829e-15           1 1.42332e-11 1.25104e-13 2.31602e-08  1.4258e-13 8.13605e-15 1.24238e-11 9.17005e-12 5.91318e-15 3.47818e-15 7.10106e-08 3.60781e-11 5.68498e-11 1.55642e-12 5.28737e-07
6.15438e-11 1.42322e-13 5.94362e-12           1 4.73819e-12 8.67455e-07 5.29244e-12 3.22594e-13 3.81072e-10 1.64963e-10 2.18403e-13 1.46111e-13 2.65967e-06 8.73139e-10 2.30881e-09 5.92787e-11 1.98036e-05
8.10994e-13 1.66498e-15  1.2517e-13 4.73817e-12           1 9.04367e-09 2.15559e-13 4.08546e-15 3.84192e-12 1.46254e-12 2.00958e-15 2.17812e-15 2.77285e-08 8.98185e-12 2.41271e-11 3.00911e-13 2.06463e-07
1.48519e-07 2.69834e-10 2.31602e-08 8.67455e-07 9.04367e-09    0.998345 1.01027e-08  6.1603e-10 7.03354e-07 2.67881e-07 4.12892e-10 2.80903e-10  0.00507492 1.64437e-06 4.41779e-06 1.13081e-07   0.0377872
9.07797e-13 2.11232e-15 1.42476e-13 5.29266e-12 2.19222e-12 1.01027e-08           1 5.12006e-15 4.29383e-12 1.63611e-12 4.28925e-15 3.13615e-15 3.09755e-08  1.0035e-11 2.69582e-11 5.52882e-13  2.3064e-07
5.50384e-14 5.50661e-15 8.66861e-15 3.22267e-13 4.23489e-15 6.15673e-10 4.99427e-15           1  2.6157e-13 1.00732e-13 8.73926e-13 7.22254e-13 1.88769e-09 6.12271e-13 1.64076e-12 3.12664e-14 1.40555e-08
6.12584e-11  1.1464e-13 7.10972e-12 3.60063e-10 3.84223e-12 7.03354e-07 4.29354e-12  2.6152e-13           1 1.14577e-10 1.74964e-13 1.19182e-13 2.15653e-06 6.60097e-10 1.89101e-09  4.8038e-11 1.60572e-05
1.67211e-11 4.33561e-14 1.78493e-12 1.17919e-10 1.46382e-12 2.67881e-07 1.63579e-12 9.89628e-14 1.15207e-10           1 6.71104e-14 4.46729e-14 8.21339e-07 1.64531e-10 7.53048e-10 1.82909e-11 6.11559e-06
3.68764e-14 6.05433e-13  5.9247e-15 2.16431e-13 2.43308e-15 4.12984e-10 3.73115e-15 8.71781e-13 1.75523e-13 6.61425e-14           1 6.22971e-13 1.26623e-09 4.08398e-13 1.10758e-12 3.26476e-14 9.42823e-09
2.48972e-14 5.66419e-13 3.75131e-15 1.47404e-13 2.21674e-15 2.80902e-10  2.2254e-15 8.07046e-13 1.19035e-13  4.5857e-14 7.06471e-13           1 8.61262e-10 2.81395e-13 7.48397e-13 5.99184e-14 6.41286e-09
4.55368e-07 8.27327e-10 7.10106e-08 2.65967e-06 2.77285e-08  0.00507492 3.09755e-08 1.88879e-09 2.15653e-06 8.21339e-07 1.26595e-09 8.61268e-10     0.98444 5.04175e-06 1.35452e-05 3.46714e-07    0.115858
6.52898e-11 2.67875e-13 1.69501e-12 8.41439e-10 8.98238e-12 1.64437e-06 1.00335e-11   6.102e-13  7.4752e-10 3.80049e-10 4.15844e-13 2.77664e-13 5.04175e-06           1 4.39313e-09 1.12353e-10 3.75403e-05
4.28228e-10 7.29712e-13 5.02056e-11 2.31743e-09 2.41271e-11 4.41779e-06 2.69588e-11 1.64238e-12 1.87973e-09 6.78961e-10 1.10444e-12 7.49343e-13 1.35452e-05 4.37164e-09           1 3.01816e-10 0.000100856
1.01199e-11 1.46586e-14 1.55639e-12 5.92787e-11 5.33926e-11 1.13081e-07 2.88751e-11  2.7709e-14 4.80381e-11 1.82911e-11  3.2519e-14 6.06619e-14 3.46714e-07 1.12353e-10 3.01815e-10           1  2.5816e-06
3.39062e-06 6.16018e-09 5.28737e-07 1.98036e-05 2.06463e-07   0.0377872  2.3064e-07 1.40637e-08 1.60572e-05 6.11559e-06 9.42614e-09  6.4129e-09    0.115858 3.75403e-05 0.000100856  2.5816e-06    0.137335
Overlap Matrix (abs) of the orthonormalized projected bands for spin 1
 at k-point 0.133333        0        0
maxDeviation is: 0.00100297
          1 2.95616e-12 2.50534e-15 1.63193e-11 3.98108e-15 2.47139e-10 5.31016e-15 1.14271e-12 2.23725e-14 2.61133e-12 3.65422e-14 2.07757e-12 3.20063e-14 7.08513e-11  2.7602e-11 5.11292e-09 1.73992e-13
2.28925e-12           1 2.89226e-15 2.46923e-12 6.82065e-15 1.58276e-10 4.27952e-15 2.11712e-12 1.40717e-14 4.35807e-12 1.96838e-14 1.27506e-12 1.81361e-14 1.39448e-11 4.81038e-12  3.2745e-09 9.80532e-14
3.63022e-15  2.4721e-15           1  1.4668e-14 8.93543e-16 4.77409e-11 9.70364e-16 1.77898e-14 5.40939e-14 1.94693e-15  1.0362e-12 1.21761e-14 4.80114e-15  2.5186e-14 6.92048e-14 9.87669e-10 2.57116e-14
1.66385e-11  6.3502e-12 1.42603e-14           1 3.14672e-14 7.51409e-10  2.0508e-14 1.36352e-11 6.51807e-14 2.62377e-11 1.00632e-13 7.92049e-12 1.22257e-13 1.57101e-11 7.09687e-12 1.55456e-08 6.94928e-13
1.23407e-14 5.03803e-15 6.53932e-16 3.50254e-14           1 1.10429e-10 3.29795e-13 3.97172e-14 1.09918e-14 9.17136e-15  1.3948e-14 2.44675e-14 4.26716e-14 5.75083e-14 1.58179e-13 2.28453e-09 4.53793e-13
2.47142e-10 1.58277e-10 4.83374e-11 7.51405e-10 1.10429e-10           1  7.1693e-11 9.42414e-10 2.05446e-10  1.1939e-10 3.09702e-10  6.4977e-10  3.7874e-10 1.16303e-09 3.52754e-09 4.84792e-05 2.15497e-09
 8.4766e-15 2.34994e-15 9.31415e-16 2.60078e-14 2.70907e-12 7.16932e-11           1 2.56117e-14 1.08645e-14  2.0379e-15 8.89519e-15 1.65323e-14 4.83737e-14  4.3774e-14 1.06221e-13 1.48319e-09 3.92328e-13
2.60484e-12 2.70353e-12 1.86507e-14 1.02304e-11 4.40222e-14 9.42416e-10 2.86925e-14           1 8.46364e-14  6.4377e-13  1.2237e-13 1.78241e-13 1.43167e-13 4.33386e-11 1.44827e-11 1.94972e-08 8.14175e-13
2.37326e-14 1.30833e-14 5.41878e-14  6.6771e-14 1.03585e-14 2.04311e-10 1.09259e-14 8.33636e-14           1  9.9712e-15 1.17722e-12  5.7826e-14 4.65573e-14 1.05665e-13 3.13258e-13 4.22695e-09 2.81051e-13
 8.6414e-12 4.75083e-12 4.15416e-15 2.46393e-11 1.62602e-14 1.19394e-10 8.92027e-15 1.75773e-12 1.16197e-14           1 9.63719e-15 2.82186e-12 1.81712e-14 1.06278e-10 4.03884e-11 2.47002e-09 1.15078e-13
3.03403e-14 2.09632e-14 1.05055e-12  9.7534e-14 1.43262e-14 3.10487e-10 8.64597e-15 1.26296e-13 1.17225e-12 1.78477e-14           1 8.70649e-14 4.80343e-14 1.50615e-13 4.66409e-13 6.42353e-09 2.70765e-13
2.82133e-12 9.33413e-13  1.3756e-14 9.83076e-12 2.95734e-14 6.49772e-10  1.8293e-14 7.33619e-13 5.93127e-14 7.11061e-14 8.24724e-14           1 9.08417e-14 4.35776e-11 1.57608e-11 1.34428e-08  5.1215e-13
2.95223e-14 1.88756e-14 4.66135e-15 1.23035e-13    6.96e-12  3.7874e-10 4.22264e-12 1.44088e-13 4.81579e-14 2.18194e-14 4.80313e-14 9.23395e-14           1 2.01903e-13  5.6134e-13 7.83536e-09 2.32356e-13
8.25557e-11 2.35284e-11  2.4673e-14 2.58943e-11 5.95344e-14 1.16305e-09 3.37639e-14 5.35171e-11  9.8891e-14 1.18678e-10 1.57301e-13  4.3403e-11 2.02633e-13           1  7.6321e-12 2.40618e-08 1.16836e-12
3.24458e-11 1.05701e-11 6.96048e-14 2.85488e-12 1.59173e-13 3.52753e-09 1.05584e-13 4.38762e-13 3.16726e-13 4.04638e-11 4.61755e-13 2.81226e-11 5.61502e-13 1.69707e-11           1 7.29797e-08 3.20897e-12
5.11292e-09  3.2745e-09 1.00001e-09 1.55455e-08 2.28453e-09 4.84792e-05 1.48318e-09 1.94972e-08 4.25042e-09 2.47002e-09 6.40731e-09 1.34428e-08 7.83536e-09 2.40618e-08 7.29797e-08       1.001 4.45818e-08
1.73498e-13 9.78726e-14  2.5859e-14 7.12074e-13 4.98567e-11 2.15497e-09 3.02308e-11 8.09337e-13 2.90718e-13 1.16165e-13 2.70367e-13 5.13369e-13  3.4355e-13 1.16844e-12 3.20893e-12 4.45818e-08           1
Overlap Matrix (abs) of the orthonormalized projected bands for spin 1
 at k-point -0.133333 0.0666667         0
maxDeviation is: 0.000290423
          1 5.56195e-15 3.92631e-12 1.57102e-11 1.31121e-14 1.99526e-10 5.07024e-15 2.94653e-14 1.27354e-12 3.10604e-12 6.11273e-14 2.41792e-14 6.11756e-10 7.07307e-11 2.66687e-11 7.01229e-14 4.55509e-09
7.02979e-15           1 1.02827e-15 3.15582e-14 3.32053e-15 1.43902e-10 7.86194e-16 1.80609e-14 3.01114e-14 1.40893e-14 5.57415e-13 5.17067e-13 4.41212e-10 6.07783e-14  1.4988e-13 4.51929e-14 3.28523e-09
3.46656e-12 1.01716e-15           1 2.08807e-12 2.08331e-15 1.92988e-11 1.10359e-15 3.19445e-15 2.59282e-12 5.43166e-12 5.76966e-15 2.37991e-15 5.91765e-11 1.30713e-11 5.04903e-12 2.43613e-14 4.40623e-10
1.62842e-11 2.96688e-14 6.24123e-12           1 2.06505e-14 9.59791e-10  5.6643e-15 1.51352e-13 1.26233e-11 2.46871e-11 2.93781e-13 1.14165e-13 2.94278e-09  1.1354e-11 6.68513e-12 2.49129e-13 2.19117e-08
2.85196e-15 3.44456e-15 2.11027e-15 1.85031e-14           1 8.98976e-11 1.58817e-13 1.38159e-14 2.37892e-14 1.98688e-14 2.82638e-14 9.94208e-15 2.75632e-10 3.84982e-14 9.85893e-14 2.29611e-13 2.05233e-09
1.99525e-10 1.43158e-10 1.92996e-11 9.59792e-10 8.98976e-11    0.999996 3.11185e-11 6.51658e-10 8.69761e-10 3.91565e-10 1.26709e-09 4.81747e-10 1.27213e-05 1.78259e-09 4.77073e-09 1.12824e-09 9.47217e-05
1.88189e-15 1.02843e-15  2.8978e-15 6.43972e-15 2.24962e-12 3.11186e-11           1  6.0493e-15 5.50575e-15 5.10136e-15 8.17795e-15 2.78372e-15 9.54135e-11 1.50296e-14 2.44594e-14 3.22037e-13 7.10432e-10
3.22589e-14 3.08458e-14 3.50101e-15  1.5032e-13 1.43909e-14 6.52737e-10 5.92266e-15           1 1.37184e-13 6.02537e-14  6.7322e-13  7.9811e-13 2.00133e-09 2.76828e-13 7.54688e-13  1.5117e-13 1.49017e-08
1.81664e-12 3.01578e-14 2.73745e-12 8.38633e-12 1.37497e-14 8.69761e-10 4.18545e-15  1.3795e-13           1 8.28626e-13 2.66465e-13 1.01043e-13 2.66674e-09 3.83453e-11 1.45423e-11 2.31064e-13 1.98563e-08
7.29689e-12 1.56797e-14 5.49548e-12 2.23594e-11 5.60383e-15 3.91562e-10 3.46638e-15 6.42703e-14 1.45735e-12           1 1.19964e-13 4.44596e-14 1.20056e-09 1.01402e-10  3.8635e-11 1.24851e-13 8.93925e-09
6.16508e-14 6.47928e-13 5.92735e-15 2.94395e-13 2.80453e-14  1.2662e-09 8.86265e-15 1.07091e-12  2.6627e-13 1.19069e-13           1 4.75947e-13 3.88224e-09 5.46213e-13 1.46223e-12 3.41538e-13 2.89068e-08
2.36124e-14 5.49457e-13 2.60128e-15 1.12457e-13  1.0628e-14 4.81708e-10 2.09345e-15 7.31522e-13 1.01139e-13  4.5282e-14 8.55036e-13           1 1.47695e-09 2.07555e-13  5.6457e-13 1.28474e-13 1.09972e-08
6.11758e-10  4.3893e-10 5.91769e-11 2.94278e-09 2.75632e-10 1.27213e-05  9.5412e-11 1.99802e-09 2.66674e-09 1.20056e-09 3.88497e-09 1.47707e-09    0.999961 5.46552e-09 1.46274e-08 3.45927e-09 0.000290423
8.22353e-11 5.47866e-14 2.29718e-11 2.03462e-11 3.11251e-14 1.78258e-09 8.07415e-15  2.8653e-13 4.90758e-11  1.1413e-10  5.4494e-13 2.11951e-13 5.46552e-09           1 4.12574e-12 4.30514e-13 4.06958e-08
3.18629e-11 1.51519e-13  1.1716e-11 1.93387e-12 9.80201e-14 4.77073e-09 2.34022e-14 7.50111e-13 3.26698e-12 3.54584e-11 1.46359e-12 5.62984e-13 1.46274e-08 1.73702e-11           1 1.31704e-12 1.08914e-07
7.07403e-14 4.41562e-14 2.41485e-14 2.30201e-13 5.28842e-11 1.12824e-09 2.80258e-11 1.46556e-13 2.35737e-13 1.22922e-13 3.41941e-13 1.28358e-13 3.45927e-09  4.3252e-13 1.31646e-12           1 2.57574e-08
4.55509e-09 3.26824e-09 4.40625e-10 2.19117e-08 2.05233e-09 9.47217e-05  7.1043e-10 1.48771e-08 1.98563e-08 8.93925e-09 2.89271e-08 1.09981e-08 0.000290423 4.06958e-08 1.08914e-07 2.57574e-08    0.997838
Overlap Matrix (abs) of the orthonormalized projected bands for spin 1
 at k-point        0 0.133333        0
maxDeviation is: 0.000372257
          1  2.8805e-12 1.97682e-14 1.68256e-11 2.61581e-14 1.25393e-09 6.88652e-15 5.71718e-13 1.32045e-13 2.54531e-12 1.64017e-13 1.72348e-12 4.90706e-14 7.17095e-11 2.52182e-11 2.59411e-08 1.25803e-13
2.36547e-12           1 1.57939e-14 2.15404e-12 1.30047e-14 8.94032e-10 5.43024e-15 1.72351e-12 9.36679e-14 4.31255e-12 1.20739e-13  1.0198e-12 3.76412e-14 1.34126e-11 6.28488e-12 1.84955e-08 1.02267e-13
1.95509e-14 1.54889e-14           1 8.99948e-14 4.91492e-15 3.12697e-10 2.01881e-15 1.14369e-13 8.85949e-14 1.46922e-14 9.90962e-13 7.52668e-14 1.14596e-14 1.52277e-13 4.08798e-13 6.46901e-09 2.77223e-14
1.61324e-11 6.66679e-12 8.87348e-14           1 9.24854e-14 5.85881e-09 2.41715e-14 1.62265e-11  6.1351e-13  2.6505e-11 7.89206e-13 9.43422e-12 2.49128e-13 2.01099e-11 5.26003e-12 1.21206e-07 6.95474e-13
1.38011e-14 1.64931e-14 4.65157e-15 9.19858e-14           1 2.80986e-10 3.28611e-13 1.10518e-13  2.9823e-14 2.19278e-14 3.84543e-14 6.91021e-14 2.96769e-14 1.61567e-13 4.30735e-13 5.81297e-09 4.13622e-13
1.25393e-09 8.94031e-10 3.11647e-10 5.85882e-09 2.80986e-10    0.999982 9.00734e-11  6.7431e-09 1.88576e-09 7.87151e-10 2.43764e-09  4.2541e-09 7.58003e-10 9.90204e-09  2.7191e-08 0.000372257 2.10365e-09
8.27412e-15  4.0686e-15 2.03261e-15 2.96092e-14 2.71015e-12  9.0074e-11           1 3.24259e-14 8.88613e-15 2.57288e-15 1.16765e-14 2.17868e-14  3.7346e-14 5.16442e-14 1.24392e-13 1.86344e-09  3.2579e-13
2.03417e-12 3.09651e-12 1.13748e-13  7.6374e-12 1.01371e-13 6.74309e-09 3.41179e-14           1 7.05571e-13  9.8042e-13 9.14933e-13 2.01365e-12 2.84733e-13 3.89826e-11 2.65956e-11   1.395e-07 7.86756e-13
1.31136e-13 9.45421e-14 2.06786e-14 6.11362e-13 3.10215e-14   1.887e-09 8.63838e-15 7.06774e-13           1 8.33208e-14 8.96584e-13  4.4728e-13  8.3436e-14 1.02866e-12 2.84025e-12 3.90377e-08  2.4625e-13
8.57527e-12 4.79654e-12  1.3891e-14 2.43718e-11 9.59451e-15 7.87145e-10 7.78335e-15 2.09474e-12 8.19689e-14           1  1.1319e-13  3.0435e-12  3.5074e-14 1.05832e-10 4.16151e-11 1.62843e-08  9.4574e-14
1.70644e-13 1.19453e-13   1.096e-12 7.90881e-13 3.74309e-14 2.43686e-09 1.22774e-14 9.11176e-13 1.45204e-12 1.03443e-13           1  5.7411e-13 1.01446e-13 1.33637e-12 3.67082e-12 5.04133e-08 2.75695e-13
2.46682e-12 1.18967e-12  7.4993e-14 8.31748e-12 6.30278e-14  4.2541e-09 2.15366e-14 1.10186e-12 4.45959e-13 2.93736e-13 5.79134e-13           1 1.79004e-13 4.10588e-11 2.27196e-11 8.80078e-08 4.92598e-13
5.15129e-14 3.68752e-14 1.15857e-14 2.48165e-13 6.97394e-12 7.58001e-10 4.23076e-12 2.83995e-13 8.17896e-14 3.13933e-14 1.01415e-13  1.7774e-13           1 4.22634e-13 1.15206e-12 1.56814e-08 2.26774e-13
8.16977e-11 2.40654e-11  1.4925e-13 2.14991e-11 1.49719e-13 9.90202e-09 3.74606e-14 5.78639e-11 1.03953e-12 1.19128e-10 1.33913e-12  4.5927e-11 4.21156e-13           1 2.87474e-11 2.04851e-07 1.17276e-12
3.48297e-11 1.20419e-11 4.08104e-13 1.52133e-11 4.31723e-13  2.7191e-08 1.24661e-13 1.16774e-11 2.83484e-12 3.92382e-11 3.67223e-12 2.11679e-11 1.15243e-12 4.14451e-12           1 5.62522e-07 3.17471e-12
2.59411e-08 1.84955e-08 6.44728e-09 1.21206e-07 5.81297e-09 0.000372257 1.86343e-09   1.395e-07 3.90121e-08 1.62843e-08 5.04294e-08 8.80078e-08 1.56814e-08 2.04851e-07 5.62522e-07    0.992299 4.35198e-08
1.26348e-13 1.02481e-13 2.77291e-14 6.79201e-13 4.98978e-11 2.10365e-09 3.02984e-11 7.91357e-13 2.37106e-13 9.35497e-14  2.7586e-13  4.9129e-13 3.37239e-13 1.17191e-12 3.17505e-12 4.35198e-08           1
Overlap Matrix (abs) of the orthonormalized projected bands for spin 1
 at k-point 0 0 0
maxDeviation is: 0.00569762
          1 5.12338e-11 8.20949e-11 2.25812e-05 2.50682e-11 2.34807e-09 8.56835e-10 4.09332e-11  9.0351e-12 2.43587e-10 6.51718e-11   1.804e-10 3.52315e-05 3.38787e-11 0.000114792 3.48282e-07 2.38736e-05
5.12343e-11           1 9.43578e-16 5.00215e-10  9.1549e-16 5.19095e-14 1.95925e-14 4.22342e-16 2.87296e-16 7.81846e-15 2.37059e-15 5.18258e-15 7.80442e-10 6.52456e-16 2.54284e-09 1.68167e-10 6.96242e-10
8.20972e-11 1.02705e-15           1 8.01586e-10 1.09505e-15 8.42789e-14 3.19076e-14 1.31259e-15 5.96017e-16 7.16888e-15  1.1754e-15 5.55662e-15 1.25065e-09 1.02359e-15 4.07486e-09 3.22467e-11 7.18784e-10
2.25812e-05 5.00216e-10 8.01587e-10     1.00022 2.44873e-10 2.29262e-08 8.36602e-09 3.99665e-10 8.82241e-11 2.37833e-09 6.36241e-10 1.76138e-09 0.000343996 3.30785e-10  0.00112081 3.40022e-06 0.000233095
2.44126e-11 9.17854e-16 6.17619e-16 2.38324e-10           1 2.48714e-14 8.57873e-15 5.17169e-16 5.47514e-16 1.56321e-14 4.90915e-15 1.19014e-14 3.71836e-10 1.49341e-16 1.21152e-09 1.93866e-10  1.6278e-09
2.34807e-09 5.22698e-14 8.39931e-14 2.29262e-08  2.5589e-14           1 8.69612e-13 4.17551e-14 8.41526e-15  2.4397e-13 6.70072e-14 1.80989e-13 3.57698e-08 3.43558e-14 1.16545e-07 1.88997e-10 2.39689e-08
8.56837e-10 1.85978e-14 3.19416e-14 8.36602e-09 9.12137e-15 8.69512e-13           1 1.48918e-14 4.17877e-15 8.47586e-14 1.79363e-14 6.18016e-14 1.30528e-08 1.37073e-14 4.25286e-08 9.39196e-10 8.08612e-09
4.09332e-11 8.32315e-16 9.78692e-16 3.99666e-10 5.87918e-16 4.13407e-14 1.60199e-14           1 5.22221e-17 4.76363e-15 4.90665e-15 3.87318e-15 6.23567e-10 7.74806e-16  2.0317e-09 5.85662e-10 3.78546e-10
9.03704e-12 1.43614e-16 3.31685e-16 8.82254e-11 2.14107e-17 8.73163e-15 4.16213e-15 9.30127e-17           1 1.71541e-15 2.52231e-16 6.93166e-16 1.37655e-10 4.98151e-16 4.48494e-10 5.91846e-11 1.17386e-10
2.43462e-10 7.32222e-15 8.03599e-15 2.37709e-09   1.585e-14 2.43716e-13 8.43468e-14 4.80199e-15 9.72025e-16           1 1.77639e-14 5.67119e-15 3.70878e-09 2.96865e-15 1.20839e-08 1.72315e-09 1.08818e-09
6.50892e-11 3.22109e-15 1.01451e-15 6.35559e-10  4.9718e-15 6.62901e-14  1.9634e-14 5.12719e-15 2.51237e-16 1.77348e-14           1 8.24243e-15 9.91602e-10 2.05485e-15 3.23084e-09 9.06098e-09 1.15897e-09
  1.804e-10 5.20301e-15 5.17715e-15 1.76138e-09 1.22912e-14 1.81346e-13 6.17347e-14 3.71585e-15 1.10684e-15 5.64595e-15 8.23275e-15           1 2.74813e-09 1.74164e-15 8.95397e-09  8.8718e-10 4.19244e-10
3.52317e-05 7.80444e-10 1.25065e-09 0.000343996 3.82062e-10 3.57698e-08 1.30528e-08 6.23562e-10 1.37647e-10 3.71071e-09 9.92664e-10 2.74814e-09     1.00054 5.16096e-10   0.0017487 5.30583e-06 0.000363678
3.38786e-11 7.23213e-16  1.4969e-15 3.30786e-10 5.35313e-17 3.41853e-14 1.12401e-14 6.83102e-16 2.44662e-16 2.88033e-15 2.06761e-15 2.00242e-15 5.16097e-10           1 1.68154e-09 2.31886e-10 2.09209e-10
0.000114791 2.54284e-09 4.07486e-09  0.00112081 1.24483e-09 1.16545e-07 4.25286e-08  2.0317e-09 4.48496e-10 1.20902e-08  3.2343e-09 8.95396e-09   0.0017487 1.68154e-09      1.0057 1.72871e-05  0.00118494
3.48282e-07 1.68167e-10 3.22467e-11 3.40022e-06 1.88402e-10 1.88997e-10 9.39196e-10 5.85662e-10 5.91845e-11 1.72858e-09 9.09015e-09 8.87179e-10 5.30583e-06 2.31886e-10 1.72871e-05    0.999119 0.000119901
2.38736e-05 6.96242e-10 7.18784e-10 0.000233095 1.64647e-09 2.39689e-08 8.08612e-09 3.78546e-10 1.17386e-10 1.08253e-09 1.16267e-09 4.19242e-10 0.000363678 2.09209e-10  0.00118494 0.000119901    0.999955
Overlap Matrix (abs) of the orthonormalized projected bands for spin 1
 at k-point -0.133333  0.133333         0
maxDeviation is: 8.43853e-05
          1 2.94144e-12 1.14859e-15 1.63974e-11  1.3176e-14 2.89725e-11  4.0349e-15 1.04001e-12 2.95897e-15 2.59126e-12 1.12062e-14 2.01068e-12 1.72303e-15 7.09738e-11 2.72114e-11 5.99381e-10 7.56717e-15
2.30046e-12           1  3.9699e-16 2.44387e-12   2.483e-15 3.38323e-11 9.94951e-16 2.05889e-12 7.34035e-15 4.35245e-12 7.06596e-15 1.23083e-12 1.16078e-15 1.39026e-11 4.93112e-12 6.99913e-10 9.60205e-15
2.12987e-15 4.80005e-16           1 5.19319e-15 6.16587e-16 9.65995e-11 5.12004e-16 3.33139e-16 7.78786e-14 1.06145e-15 1.00954e-12 1.51077e-15 9.41771e-16 1.04619e-14 2.90973e-14 1.99842e-09 6.20258e-15
1.65543e-11 6.37754e-12 4.11995e-15           1 3.68656e-15 8.13744e-12 5.64693e-15 1.39606e-11 1.82368e-15 2.62752e-11  2.6755e-15 8.11335e-12 4.01345e-15 1.63232e-11 5.33657e-12 1.68345e-10 5.82351e-15
1.24268e-14 4.60522e-15 7.44533e-16 3.07551e-15           1  1.6253e-11 3.30085e-13 1.04642e-14 3.80964e-15 1.96154e-14 4.17064e-15 7.08886e-15 4.20651e-14 6.38881e-15 7.53853e-15 3.36242e-10 4.51096e-13
2.89729e-11 3.38326e-11 9.55296e-11 8.13727e-12 1.62528e-11    0.999996 1.18641e-11 1.38766e-11 9.63494e-10 3.51125e-11 9.93645e-10 5.23793e-12 2.58873e-11 6.25059e-11 1.75663e-10 8.43853e-05 2.00649e-10
2.89737e-15 1.66631e-15 6.74124e-16 6.70207e-15 2.70897e-12  1.1864e-11           1 2.36385e-15 5.58594e-15 3.24234e-15 3.23957e-15  6.4562e-16 4.59736e-14 1.44138e-14 1.04789e-14 2.45442e-10  3.7009e-13
  2.509e-12 2.76107e-12 2.59141e-15 9.90026e-12 8.53166e-15 1.38768e-11 1.35564e-15           1 4.05578e-15 6.91173e-13 4.31601e-15 4.33234e-13 1.88083e-15 4.28015e-11 1.60213e-11 2.87068e-10 1.78871e-14
7.77279e-15 6.19298e-15 3.06877e-14 6.54651e-16 3.76959e-15 9.64738e-10 5.31364e-15 3.08671e-15           1 5.38642e-15 9.15847e-13 6.63556e-16 7.47597e-15 1.34117e-14 3.79075e-14 1.99583e-08  9.9749e-14
8.62941e-12 4.75346e-12 3.98757e-15 2.45973e-11 1.88927e-14 3.51132e-11 6.24357e-15 1.79918e-12 1.14022e-14           1 4.07473e-15 2.85061e-12 3.71386e-15 1.06202e-10 4.05665e-11 7.26396e-10 1.94421e-15
5.62502e-15 8.30278e-15 1.07758e-12  1.3716e-15 4.09838e-15 9.92862e-10 2.78821e-15 3.58611e-15 1.43278e-12 1.11856e-14           1 2.75542e-15 5.88748e-15 1.61278e-14 4.10941e-14 2.05401e-08 4.89975e-14
2.75882e-12 9.76565e-13 1.22112e-15 9.63229e-12 7.78737e-15 5.23849e-12 3.37888e-15 4.81079e-13 3.17985e-15 1.00918e-13  2.1596e-15           1 7.34461e-16 4.32639e-11 1.66636e-11 1.08373e-10 1.70711e-14
3.19609e-15 1.85066e-15 5.87581e-16 7.27662e-15 6.96127e-12 2.58873e-11 4.22257e-12 3.82625e-15 7.93273e-15 3.46203e-15 6.25087e-15 3.28115e-15           1  9.3971e-15 2.20912e-14 5.35551e-10 2.31423e-13
  8.241e-11 2.35723e-11  9.9044e-15 2.52743e-11  1.7271e-14 6.25069e-11 1.15598e-14 5.40237e-11 1.42573e-14 1.18735e-10 1.37555e-14 4.36952e-11 8.71535e-15           1 1.06441e-11 1.29312e-09 1.08868e-14
3.28282e-11 1.06895e-11 2.98953e-14  4.6143e-12 6.18764e-15 1.75662e-10 9.51852e-15 1.11021e-12 3.81867e-14 4.02805e-11 4.09801e-14 2.72108e-11 2.16944e-14  1.3952e-11           1 3.63407e-09 1.77492e-14
5.99381e-10 6.99913e-10  1.9763e-09 1.68346e-10 3.36242e-10 8.43853e-05 2.45442e-10 2.87067e-10 1.99325e-08 7.26396e-10 2.05563e-08 1.08373e-10 5.35551e-10 1.29312e-09 3.63407e-09    0.998254 4.15097e-09
8.53454e-15  8.4358e-15 6.22487e-15 2.90139e-14 4.98593e-11 2.00649e-10 3.02534e-11  8.8616e-15 9.97979e-14 1.51919e-15 4.88712e-14 1.84478e-14 3.42508e-13 1.21518e-14 1.73646e-14 4.15097e-09           1
Overlap Matrix (abs) of the orthonormalized projected bands for spin 1
 at k-point   0 0.2   0
maxDeviation is: 0.0135354
          1 7.03016e-09 1.53232e-11 1.92806e-10 3.79662e-07 1.31015e-06 1.07288e-07 2.24695e-10  6.2671e-12 6.65984e-08 4.07863e-12 1.28089e-10 1.48058e-07 7.31327e-07 1.94783e-06 1.91456e-05 9.88466e-07
7.02256e-09           1 1.78197e-12 2.22042e-11 4.37578e-08 1.52594e-07  1.2369e-08  2.6171e-11 7.27521e-13 7.66458e-09 4.95838e-13 1.49245e-11 1.70612e-08   8.431e-08 2.24455e-07 2.22991e-06 1.13906e-07
1.53416e-11 1.78493e-12           1 4.37664e-14 9.55013e-11 6.89231e-10 2.71453e-11 1.62349e-13 2.67166e-15 1.67519e-11 7.07366e-15 1.63686e-12 3.71786e-11 1.83972e-10 4.89776e-10 1.00718e-08 2.47751e-10
1.93916e-10 2.23244e-11 4.35936e-14           1 1.20767e-09 3.75381e-09 3.41071e-10 6.44295e-13 2.21891e-13  2.1185e-10 3.02601e-14 3.66294e-13 4.71062e-10 2.32639e-09 6.19571e-09 5.48559e-08 3.14512e-09
3.79695e-07 4.37489e-08 9.53801e-11 1.20087e-09           1 8.15486e-06 6.68163e-07 1.39858e-09 3.90042e-11 4.14792e-07  2.5321e-11 7.97255e-10 9.22166e-07 4.55497e-06 1.21305e-05  0.00011917   6.156e-06
1.31015e-06 1.52594e-07 6.91477e-10 3.75375e-09 8.15486e-06     1.00006 2.31994e-06 1.08657e-08 2.54691e-10 1.43048e-06 7.46803e-10 6.32866e-09   3.174e-06 1.57094e-05   4.182e-05  0.00092625 2.11442e-05
1.07295e-07 1.23583e-08 2.71115e-11 3.39172e-10 6.68189e-07 2.31994e-06           1 3.97873e-10 1.10739e-11 1.17202e-07 7.41273e-12 2.26864e-10 2.60582e-07 1.28719e-06  3.4278e-06 3.39021e-05 1.73951e-06
2.24709e-10 2.61722e-11 8.06024e-14  6.4447e-13 1.39868e-09 1.08638e-08   3.979e-10           1 4.39166e-14 2.45348e-10 1.28668e-13 2.38365e-12 5.44386e-10  2.6944e-09 7.17273e-09 1.58755e-07 3.62654e-09
5.41924e-12 6.29721e-13 2.82076e-15 2.46486e-13 3.37355e-11 2.54621e-10 9.59393e-12 4.35108e-14           1 5.91506e-12 2.49722e-14 2.38721e-14 1.31312e-11 6.49927e-11 1.72997e-10 3.72083e-09  8.7488e-11
6.65814e-08 7.68666e-09  1.6732e-11 2.10619e-10 4.14726e-07 1.43048e-06 1.17205e-07 2.45334e-10 6.84608e-12           1 4.44331e-12 1.39852e-10 1.61727e-07 7.98848e-07 2.12782e-06 2.09042e-05  1.0798e-06
4.06152e-12 4.95533e-13 7.05232e-15 3.46185e-14  2.5225e-11 7.46805e-10 7.38729e-12 1.28627e-13 2.12747e-14 4.42425e-12           1 7.61193e-14 9.73183e-12 4.85948e-11 1.29164e-10 1.09131e-08 6.42542e-11
1.28082e-10 1.49245e-11  1.5563e-12 3.65592e-13 7.97221e-10 6.32933e-09 2.26856e-10 2.84279e-13 2.50692e-14 1.39843e-10 7.61253e-14           1 3.10267e-10 1.53576e-09 4.08827e-09 9.24915e-08 2.06673e-09
1.48071e-07 1.70601e-08 3.71319e-11 4.68386e-10 9.22134e-07   3.174e-06 2.60566e-07 5.44349e-10 1.51894e-11 1.61766e-07 9.77157e-12 3.10282e-10           1 1.77631e-06 4.73078e-06 4.63827e-05 2.40077e-06
7.31478e-07 8.42523e-08 1.83737e-10 2.31332e-09 4.55504e-06 1.57094e-05 1.28709e-06  2.6942e-09 7.51289e-11 7.99111e-07 4.87845e-11 1.53582e-09 1.77648e-06     1.00001 2.33677e-05 0.000229568 1.18586e-05
1.94776e-06 2.24467e-07 4.89146e-10 6.16076e-09 1.21305e-05   4.182e-05 3.42784e-06 7.17224e-09 2.00051e-10  2.1277e-06  1.2963e-10 4.08845e-09  4.7307e-06 2.33677e-05     1.00006  0.00061113  3.1581e-05
1.91456e-05 2.22991e-06 1.01047e-08 5.48551e-08  0.00011917  0.00092625 3.39021e-05 1.58782e-07 3.72185e-09 2.09042e-05 1.09131e-08 9.24818e-08 4.63827e-05 0.000229568  0.00061113     1.01354 0.000308987
9.88465e-07 1.13927e-07 2.47426e-10 3.12733e-09 6.15599e-06 2.11442e-05 1.73953e-06 3.62629e-09 1.01256e-10  1.0798e-06 6.44931e-11 2.06683e-09 2.40079e-06 1.18586e-05  3.1581e-05 0.000308987     1.00002
Overlap Matrix (abs) of the orthonormalized projected bands for spin 1
 at k-point -0.0666667  0.0666667          0
maxDeviation is: 0.000184191
          1 1.01372e-12 6.29339e-15 1.50064e-11 9.27157e-15 4.53333e-11 7.90577e-15 7.94161e-13 4.39564e-15 2.52779e-12 2.60622e-14 3.90951e-13 6.97305e-11  1.6621e-14 2.49225e-11 1.80992e-09 1.91795e-13
9.47007e-13           1 8.30134e-16 7.53331e-13  8.0945e-16 8.98491e-12 1.86052e-15 3.57417e-13 1.67686e-15 6.87154e-13 3.68272e-15 1.06241e-14  4.0248e-12 7.03145e-15 1.35587e-12 3.58707e-10 8.01952e-14
4.88383e-15 8.23743e-16           1 4.68855e-14 1.98286e-15 1.32318e-10 1.33014e-14 2.47403e-15 7.15384e-14 1.16578e-15 4.25149e-13 7.49253e-16 7.65814e-14 3.73635e-14 2.42226e-13 5.28272e-09 4.31228e-13
1.61862e-11 2.89846e-12  4.6672e-14           1 2.02173e-15 3.70221e-10 4.31318e-14 7.70081e-12  3.5226e-14 1.79266e-11 1.66589e-13 1.36952e-12 7.53256e-12 1.01528e-13 3.41876e-12 1.47809e-08 1.21616e-12
4.95783e-15 3.78189e-16 2.04955e-15 4.85974e-15           1 7.01864e-11 4.01945e-14 6.10907e-16 7.10861e-15 3.81375e-15 3.09975e-14 4.07931e-16 5.15782e-15 3.81158e-14 2.19384e-14 2.80218e-09 4.04534e-13
4.53334e-11 8.98479e-12 1.32044e-10 3.70221e-10  7.0186e-11    0.999995 4.68682e-10 6.13528e-12 4.95798e-10 1.75974e-11 2.03365e-09 5.41251e-12 6.24906e-10 1.31936e-09 1.98701e-09 0.000184191 1.52552e-08
8.11201e-15 1.53921e-15 1.34353e-14 4.24745e-14 1.40881e-12 4.68682e-10           1  8.5436e-16  4.9633e-14 5.46996e-15 2.06547e-13 2.42205e-15 7.15147e-14 2.70108e-13 2.26556e-13  1.8712e-08 3.06673e-12
6.89659e-13 3.89249e-13 1.89498e-15 4.25812e-12 3.63282e-15 6.13513e-12  2.0382e-15           1 7.01524e-16 8.72278e-13  4.2675e-15 1.53354e-13 1.96553e-11  1.7943e-15 6.89054e-12 2.44947e-10 1.32586e-14
 4.3666e-15 1.77655e-15 4.30342e-14 3.41312e-14 7.21362e-15 4.96258e-10 4.94559e-14 5.63244e-16           1 2.48197e-15 4.57612e-13 5.13068e-16 5.66269e-14 1.39087e-13   1.877e-13 1.98129e-08 1.60828e-12
3.27133e-12 6.48115e-13 1.33587e-15 1.33432e-11 7.65392e-15 1.75975e-11 5.34214e-16 4.30059e-14   2.019e-15           1 4.26775e-15 3.70844e-13 6.24406e-11 8.58731e-15 2.22038e-11 7.02595e-10 1.02345e-13
1.80926e-14 3.99828e-15 5.46856e-13  1.6621e-13 3.09221e-14 2.03305e-09 2.06375e-13 3.30885e-15 9.12607e-13 9.00968e-15           1 2.38428e-15 2.79736e-13 5.79827e-13  8.9197e-13 8.11687e-08 6.70656e-12
3.20375e-13 1.37033e-14 8.07356e-16 1.45734e-12 1.58123e-15   5.413e-12 3.32072e-15 1.54001e-13 4.47959e-16 1.83941e-13  2.6895e-15           1 7.05466e-12  1.0633e-14    2.58e-12 2.16142e-10 1.17033e-13
8.13682e-11 8.26549e-12 7.57097e-14 1.43033e-11 8.58436e-15 6.24907e-10 6.98403e-14 2.69877e-11  6.1141e-14 7.52039e-11 2.81252e-13 7.40937e-12           1 1.67913e-13  4.3333e-12 2.49492e-08 2.00887e-12
1.84299e-14 6.38655e-15 3.75538e-14 1.01172e-13 5.33599e-12 1.31936e-09 1.43607e-12 1.53054e-15 1.38655e-13 1.01736e-14  5.7975e-13 1.03892e-14 1.67138e-13           1 5.51772e-13 5.26751e-08 9.67999e-12
2.99349e-11 8.11621e-12 2.42441e-13 2.73959e-13 2.16144e-14 1.98701e-09 2.26198e-13 8.34274e-12 1.86282e-13 5.72159e-12  8.9098e-13 3.67705e-12 1.05731e-11 5.51897e-13           1 7.93308e-08 6.60214e-12
1.80992e-09 3.58707e-10 5.27183e-09 1.47809e-08 2.80217e-09 0.000184191  1.8712e-08 2.44948e-10 1.97946e-08 7.02595e-10 8.11929e-08 2.16142e-10 2.49492e-08 5.26751e-08 7.93308e-08    0.992646 6.09062e-07
1.91611e-13 7.97518e-14 4.30332e-13 1.21396e-12 5.87739e-11 1.52552e-08 1.57309e-11 1.01557e-14 1.60687e-12  1.0227e-13 6.70836e-12 1.16665e-13 2.00517e-12 9.69104e-12  6.6035e-12 6.09062e-07           1
Overlap Matrix (abs) of the orthonormalized projected bands for spin 1
 at k-point 0.2   0   0
maxDeviation is: 0.000604392
          1 2.79414e-09 1.93225e-11  9.3484e-11  1.5463e-07  9.9409e-07 4.30436e-08 1.63435e-10 1.84501e-12 2.71141e-08 2.19214e-11 1.00063e-10 6.05942e-08 2.97835e-07 7.94058e-07 1.45265e-05 4.06207e-07
2.78654e-09           1 2.23626e-12  1.0552e-11 1.74044e-08 1.15465e-07  4.8461e-09 1.89892e-11 2.12227e-13 3.04062e-09 2.51741e-12 1.16167e-11 6.81799e-09 3.35439e-08 8.93372e-08 1.68727e-06 4.57137e-08
1.92249e-11  2.2241e-12           1 6.07407e-14 1.19702e-10 6.24026e-10 3.39177e-11 6.84626e-14 7.41624e-16 2.09971e-11 1.38347e-15 1.50635e-12 4.66518e-11 2.30592e-10 6.13997e-10 9.11906e-09 3.11105e-10
9.45853e-11 1.06715e-11 6.10359e-14           1 5.89812e-10   3.048e-09 1.64476e-10 5.00173e-13 2.29864e-13 1.03432e-10  1.0319e-13 3.07792e-13 2.31018e-10 1.13617e-09 3.02806e-09 4.45398e-08 1.54751e-09
1.54663e-07 1.73955e-08  1.2032e-10 5.83061e-10           1  6.1884e-06 2.68483e-07  1.0174e-09  1.1495e-11 1.69153e-07 1.36569e-10 6.22932e-10  3.7804e-07 1.85814e-06 4.95275e-06 9.04301e-05 2.53368e-06
 9.9409e-07 1.15465e-07  6.2191e-10 3.04833e-09  6.1884e-06    0.999959  1.7575e-06 6.94476e-09 2.30185e-11 1.08555e-06 2.77133e-10 4.03253e-09 2.40994e-06 1.19212e-05 3.17382e-05 0.000604392 1.60615e-05
  4.305e-08 4.83532e-09 3.40914e-11 1.62591e-10 2.68508e-07  1.7575e-06           1 2.89002e-10 3.23241e-12 4.70741e-08    3.85e-11 1.76855e-10 1.05234e-07 5.17264e-07 1.37858e-06 2.56821e-05 7.05325e-07
1.63355e-10 1.89801e-11 1.45418e-13 4.99677e-13 1.01689e-09  6.9466e-09 2.88859e-10           1 4.53037e-15 1.78381e-10 4.66841e-14 6.24202e-13 3.95979e-10 1.95891e-09 5.21522e-09 1.01512e-07 2.63891e-09
1.08863e-12 1.24809e-13 5.91578e-16 2.38332e-13 6.78042e-12 2.31389e-11 1.91055e-12 4.61207e-15           1 1.18843e-12 2.40268e-14 3.52509e-15 2.64751e-12 1.30654e-11 3.47791e-11 3.38125e-10 1.76773e-11
2.70971e-08 3.06271e-09 2.11033e-11 1.02212e-10 1.69087e-07 1.08555e-06 4.70769e-08 1.78467e-10 2.01744e-12           1 2.39508e-11 1.09272e-10 6.62538e-08 3.25659e-07 8.68395e-07 1.58629e-05  4.4422e-07
2.19412e-11 2.51769e-12 1.38082e-15  4.2016e-14 1.36679e-10 2.77137e-10 3.85285e-11 4.67278e-14 2.42385e-14  2.3973e-11           1 2.53341e-14 5.33537e-11 2.63296e-10 7.01265e-10 4.04998e-09 3.56326e-10
1.00092e-10 1.16199e-11 1.68643e-12 3.08249e-13 6.23114e-10 4.03187e-09 1.76906e-10 2.04295e-12 2.12733e-15 1.09304e-10 2.51562e-14           1 2.42684e-10 1.20035e-09  3.1958e-09 5.89187e-08 1.61756e-09
6.06073e-08 6.81688e-09 4.68923e-11 2.28364e-10 3.78008e-07 2.40994e-06 1.05218e-07 3.96177e-10    4.49e-12 6.62928e-08 5.33081e-11 2.42611e-10           1 7.28126e-07 1.94098e-06  3.5216e-05 9.92896e-07
2.97985e-07 3.34862e-08 2.31783e-10  1.1232e-09 1.85821e-06 1.19212e-05 5.17161e-07 1.95989e-09 2.21381e-11 3.25923e-07  2.6308e-10     1.2e-09 7.28296e-07           1 9.54068e-06 0.000174202 4.88075e-06
7.93995e-07 8.93493e-08 6.17171e-10  2.9934e-09 4.95273e-06 3.17382e-05 1.37861e-06 5.21784e-09 5.90067e-11 8.68279e-07 7.00729e-10 3.19487e-09  1.9409e-06 9.54073e-06     1.00003 0.000463786  1.3009e-05
1.45265e-05 1.68727e-06 9.08814e-09 4.45447e-08 9.04301e-05 0.000604392 2.56821e-05 1.01485e-07 3.36362e-10 1.58629e-05 4.04992e-09 5.89283e-08  3.5216e-05 0.000174202 0.000463786    0.991168 0.000234704
4.06205e-07 4.57354e-08 3.12725e-10 1.52987e-09 2.53367e-06 1.60615e-05 7.05344e-07 2.64025e-09 3.00267e-11 4.44222e-07 3.56049e-10 1.61709e-09 9.92918e-07 4.88073e-06  1.3009e-05 0.000234704     1.00001
Overlap Matrix (abs) of the orthonormalized projected bands for spin 1
 at k-point -0.0666667   0.133333          0
maxDeviation is: 0.00285487
          1 7.49433e-15  3.9354e-12 1.56959e-11 9.31516e-15 1.78787e-10 9.29773e-15  3.1509e-14 1.34213e-12 3.14393e-12 5.54282e-14 2.07852e-14 5.48173e-10 7.06938e-11 2.67274e-11 2.23073e-13 4.08164e-09
