Overlap Matrix (abs) of the orthonormalized projected bands for spin 1
 at k-point 0 0 0
maxDeviation is: 0.000225804
          1   2.867e-09 3.17112e-13 5.88416e-14 6.50804e-11 1.72671e-13 2.09299e-13 3.97144e-13 8.92455e-13 1.62707e-11 1.43802e-11 9.67986e-13 6.75032e-14 4.42195e-09 3.10416e-07  1.3412e-07 2.85316e-08
2.39376e-09           1 4.56626e-13  4.7702e-13 3.92838e-10 1.06242e-12 1.29312e-12 2.54677e-12 5.57828e-12 7.60424e-11  8.6134e-11 6.01801e-12 4.33645e-13 1.87094e-08 1.92104e-06 8.30046e-07 1.77619e-07
 2.2163e-13 5.52531e-13           1 3.58966e-16 1.68137e-14 1.40197e-15 3.84307e-16 2.94474e-16 1.16756e-15 9.26811e-14  5.4518e-15 3.57611e-16 1.31965e-15 6.15281e-13 7.40602e-11 3.20037e-11 5.75367e-12
8.22709e-14 4.76039e-13 1.80711e-16           1 2.09843e-15 5.10802e-16 3.71445e-16 1.02002e-15  5.6722e-16 6.76607e-15 8.92379e-14 6.41009e-16 3.54559e-16 5.31587e-13 6.85267e-11 2.98644e-11 5.21794e-12
2.47645e-12 1.51314e-11 5.36861e-16 1.27551e-15           1 1.32827e-15 1.13137e-15 3.49143e-15 5.64922e-15 6.20623e-14 1.36085e-14 5.20015e-15 5.30099e-15 1.70842e-11 1.79419e-09 7.76804e-10 1.65739e-10
1.71073e-13 1.06234e-12 1.00407e-15 2.02381e-16 2.19709e-14           1 3.92394e-16  1.9565e-15 8.85229e-16 1.08316e-14  1.0599e-14  4.7535e-16 2.61353e-15 1.20921e-12 1.28195e-10 5.41828e-11 1.16358e-11
2.08952e-13  1.2933e-12 3.86794e-16 1.26621e-16  1.8056e-14 4.09966e-16           1 4.33264e-16 5.34944e-16 6.78424e-15 5.73471e-15 6.95472e-16 1.80688e-15 1.47242e-12 1.50753e-10 6.31459e-11 1.41623e-11
7.39457e-13 2.75001e-12 1.95009e-15 1.31211e-15 4.28103e-14 1.54655e-15 4.71895e-16           1 1.17555e-15 1.44149e-13 6.80768e-15 1.36365e-15  1.3751e-15 3.07753e-12 3.10531e-10 1.30536e-10 2.94946e-11
9.06157e-13 5.58496e-12 1.11895e-15 5.68304e-16 3.72819e-14 3.16353e-16 4.31824e-16 8.11176e-16           1 1.13628e-14 1.42791e-13 1.37254e-15 2.68941e-16  6.3579e-12 6.39266e-10 2.65705e-10 6.11514e-11
1.42279e-12 3.78231e-12  9.1138e-14 5.56515e-15 9.73419e-14 1.76384e-15 1.54227e-15 1.35475e-13 1.16041e-14           1 3.81723e-14 1.26706e-14 1.88031e-15 4.72773e-12 4.30012e-10 1.83239e-10 4.00273e-11
1.27595e-12 7.96458e-12 6.21928e-15 9.12517e-14 1.33919e-13 8.42978e-16 2.84226e-15 1.03556e-14 1.34283e-13 5.95187e-14           1 4.23754e-13 3.49707e-15 9.05153e-12 9.36975e-10 4.01467e-10 8.72858e-11
9.77998e-13 6.01882e-12 4.13708e-16 5.60189e-16 1.28811e-13 2.31255e-16  2.6693e-16 1.23658e-15  2.9951e-15 3.22563e-14 4.95059e-13           1 2.45258e-16 6.84947e-12  7.0811e-10 3.04799e-10 6.59003e-11
7.12763e-14 4.35444e-13 8.60867e-16 2.90542e-16 1.51311e-14 1.89667e-15 1.98408e-15 1.67217e-15 5.56203e-16 1.33834e-15 5.12242e-15 1.59328e-16           1 4.91305e-13 5.22882e-11 2.26155e-11  4.7588e-12
 1.3963e-09 1.81623e-08 5.99993e-13 5.54868e-13 4.47257e-10 1.20846e-12 1.47053e-12 3.10047e-12 6.34607e-12 8.69263e-11 9.80374e-11 6.84774e-12 5.01987e-13           1 2.18603e-06 9.44545e-07 2.02201e-07
3.10416e-07 1.92104e-06 7.40758e-11 6.85039e-11 1.73546e-09 1.28195e-10 1.50753e-10   3.105e-10 6.39222e-10 1.57561e-09 3.54742e-09 7.08143e-10 5.22862e-11 2.18603e-06     1.00023 9.71557e-05 2.10383e-05
 1.3412e-07 8.30046e-07 3.20153e-11 2.98741e-11 1.60376e-09 5.41832e-11 6.31454e-11 1.30506e-10  2.6563e-10 2.70712e-09 2.19137e-09 3.04843e-10 2.26143e-11 9.44546e-07 9.71557e-05     1.00004 9.09025e-06
2.88903e-08 1.77669e-07 5.78495e-12  5.2299e-12 4.29161e-09 1.16351e-11 1.41632e-11 2.94992e-11 6.11171e-11   8.204e-10 9.40157e-10 6.59175e-11 4.75691e-12 2.02106e-07 2.10383e-05 9.09025e-06           1
Overlap Matrix (abs) of the orthonormalized projected bands for spin 1
 at k-point -0.117647         0         0
maxDeviation is: 3.02117e-05
          1 2.77252e-11 4.36387e-10 1.74307e-11 1.11049e-11 1.41556e-09  4.4807e-11 2.36639e-10 3.42624e-11 6.04688e-10  4.7765e-11 1.30418e-10 1.33057e-10 1.86833e-09 3.26931e-08 8.17792e-10 1.01876e-09
 4.5241e-11           1 8.27443e-11 2.42062e-12 1.61759e-12 2.11476e-10 6.66873e-12 6.78805e-11 4.98542e-12 2.55136e-10 7.68322e-12 7.43726e-11 1.98595e-11 5.63063e-10 4.88414e-09 1.22036e-10 2.89595e-10
1.89177e-10 1.49005e-10           1 7.16678e-11 4.62235e-11 5.95338e-09 1.87979e-10   2.812e-10 1.42775e-10 7.04333e-10 2.04923e-10 2.20261e-10 5.59269e-10 1.12656e-09 1.37496e-07 3.43712e-09 5.41742e-09
2.36181e-13 5.67113e-14 1.55286e-13           1 2.31305e-14 3.50954e-12 8.49552e-14 2.82021e-13 2.92367e-11 4.57884e-13 2.85984e-11 5.56224e-14 2.94665e-13 1.79099e-13 8.10692e-11  1.8053e-12 1.45132e-12
8.00657e-12 1.12274e-12 3.35059e-11  9.6126e-13           1 3.22494e-10 4.25287e-11 1.13417e-11  1.8606e-12 2.97891e-12 2.68938e-12 5.50079e-12 2.71043e-11 5.14203e-11 7.44815e-09 1.82626e-10 3.71893e-10
1.41977e-09 1.85356e-10 5.94554e-09 2.01038e-11  3.1808e-10           1  1.7257e-09 1.99664e-09 3.24441e-11 4.92649e-10 5.28925e-11 9.74854e-10 5.39101e-09 9.12999e-09 1.30813e-06 3.31165e-08 6.59624e-08
4.26909e-11 6.07662e-12 1.78609e-10 5.35442e-12 1.43132e-10 1.72294e-09           1 6.04644e-11 1.03915e-11  1.6098e-11 1.49925e-11 2.92761e-11 1.69019e-10 2.74257e-10 3.97921e-08 1.00669e-09 1.98163e-09
4.91335e-11 1.04071e-10  5.6294e-10 2.38068e-11 1.51276e-11 1.94109e-09 6.13046e-11           1 4.68057e-11 3.51089e-10 6.52413e-11 1.00876e-10 1.82373e-10  2.7738e-09 4.48304e-08 1.12086e-09 1.38966e-09
3.80965e-13 1.05523e-13 3.36287e-13 2.93521e-11 3.36972e-14 3.59112e-12 1.14061e-13 3.98653e-13           1 8.51164e-13 2.56705e-11 2.53857e-13 3.63636e-13 5.81237e-13 8.29042e-11 2.22281e-12 4.79989e-12
4.24196e-10 3.09609e-10 7.62984e-10 6.16815e-12 3.49308e-12  4.3287e-10 1.36737e-11 4.77286e-10 1.12398e-11           1 1.33051e-11 6.77133e-11 4.06506e-11 4.79639e-09 9.99712e-09 2.49871e-10 3.07196e-10
1.05819e-12 2.74336e-13 5.44377e-13 2.92422e-11 1.11198e-13  4.5364e-12 6.57801e-14  1.1023e-12 2.61347e-11 2.10386e-12           1 5.10601e-13 3.74015e-13 1.04057e-12 1.04753e-10 2.25983e-12 5.33549e-12
1.36997e-10 7.87842e-11 6.77746e-11 1.16295e-11 7.52452e-12 9.76187e-10 3.08199e-11 1.77351e-10 2.34065e-11 1.37009e-10 3.43837e-11           1 9.16939e-11 8.38402e-10 2.25456e-08 5.63524e-10 1.03323e-09
1.33595e-10 1.90102e-11 5.58724e-10 1.68041e-11 6.26469e-10 5.39112e-09 2.12469e-10 1.89203e-10 3.26512e-11 5.03525e-11 4.71036e-11 9.16098e-11           1 8.57599e-10  1.2451e-07  3.1426e-09 6.19989e-09
1.75244e-09 7.41961e-10 4.34307e-10 1.10086e-10  7.1235e-11 9.18211e-09 2.89766e-10 2.52355e-09 2.19721e-10 4.94994e-09 3.16398e-10 1.13153e-09 8.62579e-10           1 2.12065e-07 5.30099e-09 8.54887e-09
3.27903e-08 4.28086e-09 1.37315e-07 4.64234e-10 7.34627e-09 1.30813e-06 3.98557e-08 4.61135e-08 7.49153e-10 1.13781e-08 1.22136e-09 2.25147e-08 1.24508e-07 2.10862e-07     1.00003 7.64839e-07 1.52343e-06
8.20618e-10 1.16812e-10 3.43218e-09 1.03156e-10 3.82435e-09 3.31166e-08 1.29734e-09 1.16212e-09 2.00426e-10 3.09162e-10 2.89152e-10 5.62753e-10 3.22532e-09 5.26831e-09 7.64841e-07           1 3.80849e-08
1.53317e-09 4.43832e-10 5.57765e-09 7.92999e-10 5.11539e-10 6.59565e-08 2.08236e-09 1.44277e-09 1.58002e-09  3.3724e-10 2.26923e-09 7.65944e-10 6.19589e-09 8.93325e-09  1.5233e-06 3.80784e-08           1
Overlap Matrix (abs) of the orthonormalized projected bands for spin 1
 at k-point 0.117647        0        0
maxDeviation is: 2.94153e-05
          1  3.4394e-11 3.61639e-10 1.22805e-12 5.61473e-13 5.08098e-10 1.62074e-12 1.91656e-10 2.13978e-12 5.78362e-10 2.58501e-12 1.42698e-10 5.45304e-12 1.76712e-09 1.17347e-08 3.35411e-11 1.56271e-10
4.82375e-11           1 9.42174e-11 3.73574e-13 8.12464e-14 7.44121e-11 2.49653e-13  7.4611e-11 7.74321e-13 2.59011e-10 1.48295e-12  7.2492e-11 8.24031e-13 5.78717e-10 1.71857e-09 5.06602e-12 1.57545e-10
2.72857e-10  1.7608e-10           1 6.68338e-12 2.35669e-12 2.08247e-09 6.65856e-12 4.70342e-10 1.31308e-11 8.13927e-10 1.89072e-11 1.67869e-10 2.23477e-11 6.91852e-10 4.80953e-08 1.37445e-10 1.73745e-09
2.26473e-13 5.94369e-14 1.37644e-13           1  6.9697e-15 3.13059e-12 2.04484e-14 2.57495e-13 2.92368e-11 4.51083e-13 2.85978e-11  5.6545e-14 6.70015e-14 2.53359e-13 7.22881e-11 4.11796e-13 9.57331e-13
2.37649e-13 4.56562e-14 9.33199e-13 1.39915e-14           1  2.4923e-11 3.26989e-11 3.44159e-13 2.84871e-14 1.15123e-13 4.55634e-14 1.63316e-13 3.03956e-12 1.37796e-12 5.75588e-10 2.57997e-12 1.05067e-11
 5.0774e-10 7.66478e-11 2.08315e-09 3.66197e-11 2.48515e-11           1 1.85513e-10 6.69755e-10 7.77193e-11 1.49755e-10 1.02303e-10 3.41287e-10 5.86627e-10 3.21396e-09 1.27364e-06 3.61031e-09 2.30141e-08
1.73694e-12 2.65707e-13 7.04722e-12 8.90849e-14 1.35147e-10 1.85459e-10           1 2.53922e-12 2.12732e-13 8.68619e-13 2.93216e-13 1.14594e-12 7.82745e-12 1.07979e-11  4.2833e-09 1.62662e-11 7.82071e-11
7.64683e-11 1.12912e-10 4.58641e-10 1.74957e-12 8.00207e-13 6.74428e-10 2.14494e-12           1 3.05111e-12 3.15337e-10 3.52506e-12 1.17984e-10   7.266e-12 2.63187e-09 1.55761e-08 4.46899e-11 1.88249e-10
4.41378e-13 1.01578e-13 1.11718e-13 2.93544e-11 1.25284e-14  1.0732e-12 1.38785e-14 4.26196e-13           1 8.61711e-13 2.56792e-11 1.89384e-13 1.02461e-14 3.28534e-13  2.4763e-11 6.97849e-14  5.6624e-13
4.30207e-10 3.11723e-10 7.40224e-10 9.53682e-13 2.55975e-13 1.54624e-10 4.17933e-13 4.91159e-10 1.50254e-12           1 5.15924e-12 7.14509e-11 1.65183e-12 4.76572e-09 3.57088e-09 1.01582e-11 5.69804e-10
1.14823e-12  2.5395e-13 5.94244e-13 2.92519e-11 3.93282e-14 1.13649e-11 1.86386e-14 1.21377e-12 2.61145e-11 2.12533e-12           1 4.54579e-13 1.46223e-14 6.95517e-13 2.62435e-10 7.94316e-14 4.70172e-12
1.23265e-10 7.43801e-11 1.20226e-10 1.30874e-12 3.66053e-13 3.41177e-10 1.11053e-12 1.46379e-10 2.65701e-12 1.19096e-10 4.33592e-12           1 3.65749e-12 9.09853e-10 7.87961e-09 2.24963e-11 4.29082e-10
5.49765e-12    8.31e-13 2.22437e-11  2.6005e-13 6.01542e-10 5.86617e-10 3.76992e-10 7.95905e-12 6.75833e-13 2.64254e-12 9.28532e-13 3.64166e-12           1 3.39377e-11 1.35484e-08  4.5366e-11 2.47168e-10
1.88165e-09 7.83559e-10 5.91553e-11 1.05484e-11 3.67775e-12 3.20949e-09 1.02284e-11  2.8152e-09 2.09552e-11  5.1187e-09 3.08128e-11 1.05062e-09 3.45113e-11           1 7.41235e-08 2.12236e-10 2.86691e-09
1.17264e-08 1.77019e-09 4.81112e-08 8.45725e-10 5.73859e-10 1.27364e-06 4.28456e-09 1.54683e-08 1.79488e-09 3.45885e-09 2.36266e-09 7.88209e-09 1.35484e-08  7.4228e-08     1.00003 8.33819e-08 5.31519e-07
3.38317e-11 5.10848e-12 1.36897e-10 1.60906e-12 3.67117e-09 3.61027e-09 2.30796e-09  4.9012e-11 4.14753e-12 1.62983e-11 5.70766e-12  2.2413e-11  1.2881e-10  2.0888e-10 8.33819e-08           1 1.52123e-09
6.04748e-10   7.417e-10 2.03301e-09 7.45522e-11 2.60232e-11 2.30147e-08  7.3877e-11  6.5446e-10 1.46365e-10 8.81754e-10 2.11424e-10 1.84695e-10 2.47306e-10 4.10685e-09 5.31531e-07   1.521e-09           1
Overlap Matrix (abs) of the orthonormalized projected bands for spin 1
 at k-point -0.176471         0         0
maxDeviation is: 0.000117017
          1 4.24888e-11 4.23296e-12 4.06415e-10 3.97251e-13  1.5241e-09 5.11956e-10 3.32206e-13 4.51906e-12  1.1007e-09 1.10698e-11 2.28067e-12 4.07635e-10 1.93432e-09 2.50356e-08 2.55247e-10 6.51066e-11
9.39393e-11           1 1.71424e-12 2.37353e-10 1.38352e-13  5.5661e-10 2.61404e-10 1.82713e-13 1.46759e-12 7.21784e-10 4.06802e-12 1.44459e-12 3.17726e-10 1.23428e-09  9.1432e-09 2.03698e-10  2.3819e-11
1.25728e-12 5.48503e-13           1 3.70427e-12 1.11865e-12 3.70723e-10  2.2496e-12 1.57679e-12 1.00279e-11 2.32696e-13 3.53494e-12 1.86048e-12 2.29887e-12 9.40573e-12  6.0896e-09 4.22742e-11 3.95894e-12
3.88478e-10 1.44897e-10 1.22825e-11           1 2.41891e-12 4.07169e-09 6.07047e-10 3.46013e-12 1.18415e-11  1.0956e-09 2.96398e-11  4.3487e-12 4.07112e-10 1.83073e-10 6.68816e-08 4.90805e-10 1.73888e-10
1.43885e-13  1.1742e-13 2.73685e-13 1.97231e-13           1 1.78841e-11 2.85701e-13 4.74049e-11 1.58914e-13 5.76255e-13 1.68729e-13 2.89929e-11 2.36151e-13 5.94429e-13 2.93787e-10 2.06539e-12 9.78371e-13
1.52395e-09 5.55506e-10 3.64068e-10 4.07199e-09 6.94482e-11           1 3.45472e-09 1.09626e-10 1.70428e-09 2.04766e-10 3.08545e-09 2.08973e-10 3.08501e-09 9.93462e-09 7.12377e-06 4.98649e-08 1.84907e-08
1.33625e-10 2.02293e-10 9.96041e-12 8.21889e-10 9.51488e-13 3.45657e-09           1 8.30797e-13 1.03487e-11 1.05738e-09 2.51127e-11 4.33376e-12 5.83922e-10 4.38028e-09 5.67781e-08 4.92208e-10 1.47592e-10
3.21024e-13 2.18869e-13 9.58305e-13 1.34099e-13 4.77043e-11 9.24673e-12 6.13307e-13           1 8.47867e-13 9.75002e-13 1.84748e-13  3.3127e-11 2.57812e-13 5.42881e-13 1.51853e-10 1.08174e-12 7.22017e-13
5.63795e-12 2.60694e-12 2.15314e-10 1.68635e-11 5.00054e-12 1.69785e-09 1.06276e-11 7.09057e-12           1 2.32684e-12 4.60818e-11 8.33057e-12 1.08752e-11   4.269e-11 2.78892e-08 1.95018e-10 9.76392e-11
7.84266e-10 8.41825e-10 1.99478e-13  1.2742e-09 1.55291e-12 2.05958e-10 1.23441e-09 2.67379e-12 8.88012e-13           1 1.45168e-12 7.22432e-12 5.11548e-10   7.014e-09 3.38116e-09 1.32157e-09 8.70556e-12
 1.0272e-11  4.7028e-12 5.22064e-10 3.06056e-11 9.02406e-12 3.08617e-09 1.95204e-11   1.283e-11   4.622e-10   3.991e-12           1  1.5052e-11 1.98281e-11  7.7405e-11 5.06942e-08 3.54149e-10 1.56394e-10
9.75555e-13 8.19984e-13 1.08375e-12 1.05684e-12 3.00917e-11 9.80945e-11 2.00482e-12 3.37247e-11 7.35501e-13 2.89349e-12 7.51071e-13           1 1.09912e-12  3.6078e-12 1.61132e-09  1.1163e-11 3.93233e-12
4.22556e-10 4.63716e-10 8.85059e-12 3.60251e-10 2.13791e-12  3.0855e-09 9.05614e-10 3.20249e-12 1.06939e-11 7.56089e-10 2.23086e-11 4.30491e-12           1 2.03713e-09 5.06843e-08 7.18927e-10 1.31919e-10
  2.341e-09   1.192e-09 3.03523e-11 2.44975e-10 6.36324e-12 9.93358e-09 4.33297e-09 9.20712e-12 2.91038e-11 6.96146e-09 7.23186e-11 1.23265e-11 2.19493e-09           1 1.63166e-07 1.49234e-09  4.2398e-10
2.50327e-08 9.12462e-09 5.98028e-09 6.68884e-08  1.1408e-09 7.12377e-06 5.67483e-08 1.80081e-09 2.79949e-08 3.36525e-09 5.06822e-08 3.43267e-09 5.06741e-08 1.63194e-07     1.00012  8.1909e-07 3.03732e-07
8.17768e-10 1.33398e-09 1.51456e-10 9.92496e-11  2.8522e-11 4.98648e-08  2.8961e-09 4.07113e-11 1.45324e-10  2.1099e-09 3.63052e-10 4.98713e-11 5.36507e-10 6.98435e-10 8.19093e-07           1  2.1305e-09
 6.1438e-11 2.83619e-11 3.07107e-09 1.83665e-10 5.42242e-11  1.8491e-08 1.16121e-10 7.70944e-11 2.75392e-09 2.43977e-11 4.50742e-10 9.04599e-11 1.18453e-10 4.65021e-10 3.03738e-07 2.12189e-09           1
Overlap Matrix (abs) of the orthonormalized projected bands for spin 1
 at k-point         0         0 0.0588235
maxDeviation is: 4.72477e-05
          1 2.46338e-10 1.43001e-12 1.78629e-12 5.83611e-11 4.08287e-14 5.69506e-13 8.92059e-12 1.54997e-11 4.24615e-12  4.0827e-13 1.29027e-15  6.7044e-15 1.50124e-09 2.91356e-10 4.49486e-10 1.85328e-10
1.97614e-10           1 9.84902e-12 1.31407e-11 7.18441e-10 2.95138e-13 7.70341e-13 8.30991e-11 1.14345e-10   5.714e-12  2.2839e-12 9.89013e-15 9.16827e-15 1.30739e-09 2.53937e-09 3.30435e-09  1.6165e-10
9.87166e-13 9.44481e-12           1 5.85509e-10 8.29881e-12 1.17312e-12 1.44841e-12 4.27026e-09 5.09533e-09 9.80163e-12 9.47427e-12 1.63456e-13 2.19807e-13 1.45079e-11 1.29222e-07 1.46836e-07 1.35528e-10
1.77992e-12  1.3152e-11 5.85508e-10           1 1.07264e-11 1.42933e-12 1.46915e-12 5.10385e-09 6.51938e-09 9.82894e-12 8.39312e-12 1.99829e-13 2.49747e-13 1.97538e-11 1.54754e-07  1.8813e-07 1.84869e-10
1.20981e-10 5.17311e-10  7.6721e-12 1.07632e-11           1  2.6973e-13 5.31036e-13 7.03977e-11 9.38045e-11 3.99983e-12 1.82658e-12 6.38182e-15 5.33783e-15 2.03978e-09 2.11654e-09 2.70913e-09 2.38568e-10
1.21383e-14 1.69359e-14 1.76032e-13  2.2503e-13 2.72831e-14           1 8.80028e-16  1.5522e-12 1.87604e-12 9.93719e-14 3.50487e-12 5.06136e-14 5.43936e-15 1.73011e-14 4.69458e-11 5.44164e-11 4.82725e-14
  1.626e-13 1.87454e-13 2.19721e-13 3.02674e-13  2.2722e-13 1.47611e-15           1 2.01088e-12 2.63728e-12 3.47713e-12 9.60403e-14 3.40156e-15 1.75412e-15 2.43143e-13  6.0376e-11 7.63053e-11 1.41079e-13
9.73239e-12 8.31042e-11 4.27026e-09 5.10385e-09 7.10113e-11 1.02217e-11 1.25735e-11           1 4.44158e-08 8.51526e-11 8.25462e-11 1.42153e-12 1.92133e-12 1.26759e-10 1.12633e-06 1.27997e-06 1.17997e-09
1.55191e-11 1.14524e-10 5.09533e-09 6.51939e-09 9.33347e-11 1.24562e-11  1.2783e-11 4.44158e-08           1 8.55172e-11 7.31036e-11 1.74368e-12 2.17416e-12 1.71967e-10 1.34673e-06 1.63726e-06 1.60952e-09
1.20551e-12 1.34571e-12  7.3378e-13 8.97062e-13 1.82202e-12 9.83594e-14 3.54635e-12 6.48931e-12 7.84937e-12           1 2.83962e-14  8.9521e-15 9.94899e-16 1.60885e-12 1.95834e-10 2.26028e-10 1.80989e-13
3.08503e-14 3.93112e-14  5.3927e-13 7.23599e-13 7.12221e-14 3.56724e-12 1.03143e-13 4.64615e-12 5.97229e-12 6.41794e-15           1 3.75913e-13 2.51381e-14 2.39951e-14 1.41225e-10 1.73578e-10 2.57832e-13
 1.3085e-15 9.01823e-15 1.62903e-13 2.00967e-13 1.62538e-14 6.10962e-14 4.33116e-15 1.42109e-12  1.7454e-12 1.39425e-14 4.53962e-13           1 2.00148e-16 2.20569e-14 4.26752e-11 5.06228e-11 1.40544e-13
6.34698e-15 1.80432e-15 2.21346e-13 2.49991e-13 1.25849e-14 8.13079e-15 1.34223e-15 1.92333e-12 2.17444e-12 1.98564e-15 4.28342e-14 1.24127e-16           1 4.99099e-15 5.80896e-11  6.2602e-11 6.69459e-14
1.62946e-09 1.55883e-09 1.45904e-11 1.97752e-11 2.79682e-09 4.51995e-13 6.75551e-13 1.26309e-10 1.72183e-10 4.94835e-12 3.38366e-12 1.51463e-14 8.17503e-15           1 3.83938e-09 4.97504e-09 2.14012e-11
2.90499e-10 2.52078e-09 1.29222e-07 1.54754e-07 2.16243e-09  2.9397e-10 3.78279e-10 1.12633e-06 1.34673e-06 2.56242e-09 2.38057e-09 4.26661e-11 5.80941e-11 3.84965e-09     1.00003 3.88115e-05 3.58499e-08
4.49667e-10 3.30959e-09 1.46836e-07  1.8813e-07 2.69495e-09 3.71898e-10  3.6795e-10 1.27997e-06 1.63726e-06 2.45947e-09 2.20394e-09 5.06107e-11 6.26045e-11 4.96808e-09 3.88115e-05     1.00005 4.65044e-08
1.28934e-10 1.43644e-09  1.3574e-10 1.84872e-10 3.74105e-09 4.21845e-12 4.07958e-12 1.17972e-09 1.60947e-09 2.97416e-11 3.11785e-11 1.31678e-13  7.1697e-14 1.22831e-09 3.58521e-08 4.65033e-08           1
Overlap Matrix (abs) of the orthonormalized projected bands for spin 1
 at k-point        0        0 0.117647
maxDeviation is: 1.38414e-05
          1 2.94228e-10 4.54387e-12 4.65974e-12 2.08578e-11 2.87606e-14 8.67568e-13 3.41074e-11 3.61952e-11 3.79843e-12 1.29041e-13 4.85456e-15 4.97391e-15 1.64675e-09 5.63149e-10 5.62127e-10 2.22837e-10
1.10626e-10           1 4.66159e-12 4.57226e-12 9.24714e-10 1.11229e-13  1.8147e-12 3.48608e-11 3.56973e-11 7.97031e-12 3.07194e-13 4.58685e-15 6.42203e-15 3.22105e-09  5.7427e-10 5.52713e-10  4.6409e-10
 4.4046e-12 4.51342e-12           1 9.07814e-10 3.90157e-12 2.41806e-12 5.67235e-12  6.8784e-09 7.01637e-09 2.26932e-11 1.02632e-11  7.0045e-13 6.08026e-13 7.68043e-12 1.13026e-07 1.08841e-07 5.48921e-11
4.68596e-12 4.63572e-12 9.07814e-10           1  3.8951e-12 5.71276e-12 2.09074e-12 7.01446e-09 7.54081e-09 9.25751e-12 2.28325e-11 8.12694e-13 8.13221e-13 7.79162e-12 1.15454e-07 1.17139e-07 5.51777e-11
2.28651e-10 9.88345e-10 4.22396e-12 3.96318e-12           1 1.00974e-13  2.0968e-12 3.04419e-11 3.01928e-11 9.19222e-12  2.3396e-13 2.29105e-15 1.13177e-14 3.66031e-09 5.05001e-10 4.68219e-10 4.65683e-10
2.05599e-14 5.12973e-14 3.99793e-13 3.94103e-13 5.16058e-14           1 1.26557e-15 3.07779e-12 2.93376e-12  2.0872e-13 6.17398e-12 5.97116e-14 1.03642e-14 3.22464e-14 5.04626e-11 4.57515e-11 2.05181e-14
2.80663e-13 6.50828e-13 2.48091e-13 2.10012e-13 7.12384e-13 4.96907e-16           1 1.93885e-12  1.6125e-12 6.13726e-12 2.14273e-13 4.33087e-15 1.36911e-15 3.98554e-13 3.09546e-11 2.57243e-11 4.58078e-14
 3.4336e-11 3.50724e-11 6.87839e-09 7.01446e-09 3.06953e-11 1.87346e-11 4.37862e-11           1 5.42137e-08 1.75144e-10 7.95282e-11 5.41161e-12 4.70321e-12 5.93039e-11 8.73413e-07 8.40984e-07 4.24685e-10
3.61492e-11 3.56826e-11 7.01636e-09 7.54081e-09 3.02451e-11 4.42612e-11 1.61965e-11 5.42137e-08           1  7.1707e-11 1.76927e-10 6.27426e-12 6.28601e-12 6.01836e-11 8.92328e-07 9.05348e-07 4.26141e-10
1.23969e-12 2.86468e-12 3.32727e-13 2.84318e-13 3.14553e-12 2.20658e-13 6.25104e-12 2.10447e-12 2.21296e-12           1 1.53737e-14 6.26996e-15  8.9291e-16 1.67656e-12 3.59894e-11 3.40468e-11 1.27371e-13
3.15039e-14 7.70341e-14 7.99648e-13 7.79169e-13 8.72553e-14 6.27889e-12 2.18808e-13  6.1414e-12 6.00646e-12 5.95027e-15           1 2.69167e-13 3.57782e-14 3.33275e-14 1.00651e-10 9.33389e-11 2.36096e-14
3.90956e-15 1.43053e-15 7.00502e-13 8.16429e-13 6.95487e-15 7.11768e-14  5.8294e-15 5.42167e-12 6.31172e-12 7.32808e-15 3.18079e-13           1 2.17629e-15  8.6412e-15 8.79903e-11  9.9601e-11 2.23122e-14
6.63806e-15 9.93735e-15 6.09294e-13 8.13424e-13 1.06016e-14 1.43319e-14 1.51296e-15 4.70457e-12  6.2876e-12 1.20175e-15 5.64981e-14 2.60917e-15           1 2.05946e-15 7.81553e-11 9.80519e-11  2.6021e-14
1.75283e-09 3.81084e-09 7.69396e-12 7.79433e-12 4.75725e-09 1.15111e-13 5.48264e-13 5.96715e-11 6.02438e-11 2.43297e-12 5.22105e-13 3.88365e-15 7.17568e-15           1 9.81038e-10 9.32357e-10 2.18201e-10
5.63043e-10 5.75386e-10 1.13026e-07 1.15454e-07 5.02582e-10 2.69683e-10 7.10973e-10 8.73413e-07 8.92328e-07 2.84416e-09 1.14686e-09 8.78185e-11 7.81613e-11 9.75697e-10    0.999986 1.38414e-05 6.98616e-09
5.62193e-10 5.54025e-10 1.08841e-07 1.17139e-07 4.67541e-10 7.18245e-10 2.24696e-10 8.40984e-07 9.05348e-07 1.02334e-09 2.87612e-09 9.89483e-11 9.80261e-11 9.32606e-10 1.38414e-05    0.999986 6.59577e-09
1.21564e-10 1.63522e-09 5.48244e-11 5.51494e-11 2.85575e-09 9.10161e-13 2.00073e-13 4.24749e-10 4.26177e-10 1.01294e-12 3.98386e-12 1.87372e-14 2.14795e-14 2.44142e-09 6.98534e-09 6.59571e-09           1
Overlap Matrix (abs) of the orthonormalized projected bands for spin 1
 at k-point -0.470588 -0.117647 -0.352941
maxDeviation is: 1.45505e-05
          1 6.37269e-09 3.43777e-09 2.26313e-09 1.18294e-08 2.35241e-08 4.02498e-09 2.28298e-08 6.91056e-08 5.90369e-08 5.58339e-08 1.64939e-07 3.31568e-07  2.9083e-07  2.0829e-07 2.18542e-08 1.58443e-07
6.38043e-09           1 2.64469e-09 2.60784e-09 1.09974e-08 2.26554e-08 3.70376e-09 2.17157e-08 6.43147e-08 5.70708e-08 5.30555e-08 1.56299e-07 3.11681e-07 2.72833e-07 1.96664e-07 2.10965e-08 1.49256e-07
3.44083e-09 2.70595e-09           1 1.46126e-09  5.8537e-09 1.21946e-08 1.93764e-09 1.16586e-08 3.42783e-08 3.06306e-08 2.84897e-08 8.40506e-08  1.6639e-07 1.45446e-07 1.05379e-07 1.14754e-08 7.98215e-08
2.36833e-09 1.89697e-09  9.2905e-10           1 4.09889e-09 8.42096e-09 1.47029e-09 8.00482e-09 2.40472e-08 2.14437e-08 1.97543e-08 5.74312e-08 1.16861e-07 1.02642e-07 7.29943e-08 7.60786e-09 5.57128e-08
1.20293e-08 1.12642e-08 6.05813e-09 4.26191e-09           1 4.24906e-08 7.04022e-09 4.11644e-08 1.24392e-07 1.06835e-07 1.00764e-07 2.97475e-07 5.96346e-07 5.23071e-07 3.75265e-07 3.95964e-08 2.85458e-07
2.37298e-08 2.13641e-08  1.1052e-08 8.42396e-09 4.21915e-08           1  1.4284e-08  8.1607e-08  2.4531e-07 2.13205e-07  1.9934e-07 5.87085e-07 1.18171e-06 1.03665e-06 7.41996e-07 7.79117e-08 5.64729e-07
3.86502e-09 4.09542e-09 2.35986e-09 1.20291e-09 7.36131e-09 1.39487e-08           1 1.36103e-08 4.17847e-08 3.47793e-08 3.33439e-08  9.9051e-08 1.98698e-07 1.74331e-07 1.24937e-07 1.30763e-08 9.50051e-08
2.29385e-08 2.10607e-08 1.09681e-08 8.28264e-09 4.08782e-08 8.17178e-08 1.38018e-08           1 2.37814e-07 2.05947e-07 1.93309e-07  5.6932e-07 1.14463e-06 1.00392e-06 7.19154e-07 7.56739e-08 5.47168e-07
6.89818e-08  6.6049e-08 3.57902e-08 2.40512e-08 1.24257e-07  2.4561e-07 4.12971e-08 2.38276e-07    0.999999 6.16266e-07 5.82902e-07 1.72263e-06 3.45512e-06 3.02999e-06 2.17323e-06 2.28959e-07 1.65258e-06
5.95598e-08 5.45251e-08 2.83754e-08   2.099e-08 1.06098e-07 2.11938e-07 3.59628e-08  2.0499e-07 6.17422e-07    0.999999 5.01045e-07 1.47544e-06 2.97172e-06 2.60739e-06 1.86534e-06 1.95562e-07 1.42002e-06
5.61133e-08 5.18286e-08 2.75023e-08 2.06468e-08 1.00033e-07 2.00274e-07 3.36971e-08 1.92991e-07 5.81824e-07 5.03598e-07           1 1.39324e-06 2.79969e-06 2.45539e-06  1.7596e-06 1.85681e-07 1.33874e-06
1.66144e-07 1.49094e-07 7.69571e-08 6.12169e-08 2.94202e-07 5.91833e-07 9.96035e-08  5.7132e-07 1.71363e-06 1.49288e-06  1.3969e-06    0.999996 8.26177e-06 7.24493e-06 5.19192e-06 5.47435e-07 3.94977e-06
3.31124e-07 3.14086e-07 1.68645e-07 1.15732e-07 5.96366e-07 1.18016e-06 1.98942e-07   1.144e-06 3.45729e-06 2.96542e-06 2.79842e-06 8.26162e-06    0.999983 1.45505e-05 1.04288e-05 1.09726e-06 7.93263e-06
2.89964e-07  2.7883e-07 1.50618e-07 1.00864e-07 5.23566e-07  1.0338e-06 1.74312e-07 1.00291e-06 3.03496e-06 2.59442e-06  2.4548e-06 7.24784e-06 1.45501e-05    0.999987 9.14785e-06 9.62814e-07 6.95797e-06
2.09054e-07  1.9205e-07 1.01838e-07 7.48955e-08 3.73371e-07 7.44828e-07 1.25391e-07 7.19583e-07 2.16827e-06  1.8758e-06 1.76012e-06 5.19095e-06 1.04293e-05  9.1471e-06    0.999993 6.89797e-07 4.98626e-06
2.25002e-08 1.74237e-08 7.64132e-09 7.25666e-09 3.86955e-08 7.83686e-08 1.33738e-08 7.71165e-08 2.26548e-07 2.01068e-07 1.83742e-07 5.45714e-07 1.09829e-06 9.62943e-07 6.89415e-07           1 5.24349e-07
1.58742e-07 1.48299e-07 7.89323e-08 5.57563e-08 2.84443e-07 5.65043e-07 9.52755e-08   5.475e-07 1.65161e-06 1.42157e-06 1.33813e-06 3.95004e-06 7.93336e-06 6.95796e-06 4.98666e-06 5.24623e-07    0.999996
Overlap Matrix (abs) of the orthonormalized projected bands for spin 1
 at k-point         0         0 -0.176471
maxDeviation is: 2.14376e-06
          1 3.47836e-10 1.24858e-12 3.37802e-12 1.31586e-11 1.35211e-13 1.04034e-12 4.82092e-12 2.16451e-11 2.51435e-15 3.73548e-12 3.44193e-13 8.49048e-15 1.87155e-09 3.05154e-10 4.99698e-11  2.6552e-10
5.60311e-11           1 3.97364e-13  4.7925e-12 1.01391e-09 4.08894e-13 3.14024e-12 9.93645e-12 3.01221e-11 5.52999e-15 1.12784e-11 9.65017e-13 1.73402e-14 5.35169e-09 9.38011e-10 7.19626e-11 3.71125e-10
7.31958e-13 1.54385e-12           1 4.70026e-10   7.231e-12  1.0089e-11 2.76119e-12 7.83615e-10 2.99765e-09 7.46085e-14 1.00931e-11 3.52312e-11 6.56528e-14  1.2409e-11 7.31295e-11 7.18847e-09 3.68121e-08
3.40107e-12 4.62736e-12 4.70026e-10           1 2.93422e-11 2.75026e-12 1.00806e-11 3.00343e-09 1.17668e-08 1.74275e-13 3.44668e-11 9.09902e-12 1.95364e-13 4.72771e-11 2.83595e-10  2.7372e-08 1.44442e-07
3.74151e-10  1.3314e-09 8.59806e-12  2.9127e-11           1 3.67225e-13 3.18059e-12 4.59912e-11 1.86122e-10 8.08633e-15 1.13275e-11  1.7509e-12 2.68789e-14 5.14913e-09 8.04898e-10 4.38855e-10 2.28415e-09
2.57797e-14 9.21754e-14 5.40047e-14 1.82004e-13 7.82295e-14           1 2.14624e-15 3.34415e-13 1.19814e-12 4.35193e-14 3.00034e-13 7.43337e-12  1.1238e-14 7.86387e-14 3.46745e-14 3.22703e-12 1.46304e-11
3.50948e-13 1.16077e-12 2.03867e-13  7.6602e-13 1.11181e-12 4.99189e-15           1 1.23909e-12 4.88931e-12 3.86465e-15 7.41717e-12  2.9033e-13 5.31582e-16 4.74663e-13 1.35346e-13 1.15394e-11 5.99759e-11
5.79895e-12 6.33713e-12 7.83613e-10 3.00343e-09 4.95804e-11  6.4329e-11 1.76756e-11           1 1.91548e-08 4.70208e-13 6.45583e-11 2.24685e-10 4.20884e-13  7.7922e-11 4.67334e-10 4.59314e-08 2.35227e-07
2.16558e-11  2.9677e-11 2.99765e-09 1.17668e-08 1.86957e-10 1.75908e-11 6.42784e-11 1.91548e-08           1 1.11616e-12 2.19787e-10 5.82689e-11 1.24829e-12 3.01497e-10 1.80845e-09 1.74569e-07 9.21177e-07
1.90909e-15 6.30395e-15 7.26822e-14 1.75794e-13 7.94724e-15 5.07514e-14 3.62814e-15  4.6958e-13  1.1173e-12           1 1.00649e-15 1.85044e-13 6.86635e-16 2.98127e-15  3.1439e-14 5.59042e-12 1.35562e-11
1.24627e-12 4.13551e-12 3.08648e-13 1.42811e-12 3.89557e-12 2.98516e-13 7.54081e-12 2.17555e-12 9.09082e-12 2.07092e-15           1 3.38452e-14 2.62621e-15 1.77821e-12 1.61094e-13 1.88821e-11 1.11536e-10
2.42032e-14 1.21962e-13 7.55047e-13 2.98949e-12 1.49986e-13 7.58469e-12 3.20069e-13 4.81691e-12 1.88733e-11 1.57517e-13 6.06519e-14           1 3.58278e-14 1.72264e-13 4.71439e-13 4.37612e-11 2.32149e-10
7.09835e-15 2.34215e-14 6.72505e-14 1.96847e-13 2.26058e-14 1.64977e-14 1.22627e-15 4.21837e-13  1.2507e-12 6.89434e-16 5.78382e-16  5.5396e-14           1 2.37454e-15 3.56179e-14 4.62189e-12 1.52787e-11
1.97575e-09  6.4398e-09 1.17536e-11 4.71057e-11 6.65782e-09 1.00147e-12 6.64598e-13 7.78919e-11 3.00308e-10 1.15681e-14  2.5298e-12 3.30401e-12 3.55275e-14           1  4.8748e-10 7.07076e-10  3.6876e-09
2.01342e-10  1.0989e-09 7.26132e-11  2.8366e-10 1.85217e-09 5.86697e-12 1.55164e-12 4.68513e-10 1.80865e-09 2.71752e-14 4.99888e-12 2.03907e-11 2.01723e-14 3.45648e-09           1 4.26999e-09 2.22082e-08
5.02984e-11 6.05594e-11 7.18848e-09  2.7372e-08 4.52051e-10 7.93498e-10  1.5047e-10 4.59314e-08 1.74569e-07 5.57636e-12  5.6896e-10 2.75978e-09 4.63621e-12 7.19912e-10 4.26697e-09           1 2.14376e-06
2.66012e-10 3.63962e-10 3.68121e-08 1.44442e-07 2.29541e-09 1.49177e-10 7.92871e-10 2.35227e-07 9.21177e-07 1.35636e-11 2.71409e-09 5.29053e-10 1.52731e-11 3.70077e-09 2.22053e-08 2.14376e-06    0.999989
Overlap Matrix (abs) of the orthonormalized projected bands for spin 1
 at k-point          0          0 -0.0588235
maxDeviation is: 0.00136775
          1 2.46722e-10  2.9214e-11 3.89431e-11 5.83265e-11 1.22956e-13 4.77292e-13 2.56564e-10 3.39532e-10 3.61495e-12 8.21677e-13 3.90254e-15 1.06557e-14 1.50159e-09 9.09146e-09 8.59668e-09 1.81393e-10
1.97333e-10           1 1.60679e-10  2.1277e-10 7.19369e-10 5.52504e-13 5.45281e-13 1.39891e-09 1.85442e-09 4.15667e-12 4.05045e-12 2.09126e-14  5.2212e-14 1.30951e-09 4.96545e-08 4.69559e-08  1.4148e-10
2.95403e-11 1.60967e-10           1 1.89881e-08 1.20357e-10 1.40498e-12 3.53855e-12 1.24805e-07 1.65486e-07 1.58313e-11  2.4903e-12 2.66023e-12 4.62247e-12 2.34875e-10 4.43111e-06 4.19035e-06 2.18547e-09
 3.8963e-11 2.12855e-10 1.89881e-08           1 1.59291e-10 1.75289e-12 3.26278e-12 1.65081e-07  2.1889e-07 1.11804e-11  1.4353e-11 3.51525e-12 6.11479e-12  3.1064e-10 5.86107e-06 5.54262e-06 2.89091e-09
1.20775e-10  5.1621e-10 1.20821e-10 1.59502e-10           1 3.57097e-13 9.22895e-13 1.04768e-09 1.38991e-09 6.70623e-12 2.82864e-12 1.75293e-14 4.16994e-14 2.03817e-09 3.72159e-08 3.51956e-08 2.53486e-10
1.28549e-14  3.1179e-14 1.04361e-12 1.37036e-12 3.81064e-14           1 1.89213e-15  9.0732e-12 1.20331e-11 9.66035e-14 3.49487e-12  5.0765e-14 5.48976e-15 2.61984e-14 3.22074e-10  3.0434e-10 1.87771e-13
1.64988e-13 1.94153e-13 2.14036e-12 2.83108e-12 2.09778e-13 1.65466e-15           1 1.85702e-11 2.46704e-11 3.48267e-12 9.30365e-14 3.05336e-15 8.07353e-16  2.6146e-13 6.59721e-10 6.24849e-10 2.79705e-13
2.55909e-10 1.39882e-09 1.24805e-07 1.65081e-07 1.04732e-09   1.222e-11 3.08501e-11           1 1.43872e-06 1.38255e-10 2.17071e-11 2.31258e-11 4.01811e-11  2.0417e-09 3.85237e-05 3.64305e-05 1.90008e-08
3.39516e-10 1.85502e-09 1.65486e-07  2.1889e-07 1.38829e-09 1.51624e-11 2.84478e-11 1.43872e-06           1 9.75072e-11  1.2485e-10 3.06344e-11 5.32935e-11 2.70726e-09 5.10805e-05 4.83052e-05 2.51944e-08
 1.2123e-12 1.38454e-12 6.80753e-12 9.02099e-12 1.79715e-12 1.01382e-13  3.5398e-12 5.93169e-11 7.86223e-11           1 3.13346e-14 8.61546e-15 3.93311e-15 1.66292e-12 2.10529e-09 1.99081e-09 9.40305e-13
2.86281e-14 2.88631e-14 2.79437e-12 3.75959e-12 9.41106e-14 3.56982e-12 1.00207e-13 2.43285e-11 3.21975e-11 2.77661e-14           1 3.75497e-13 2.76579e-14 1.67313e-14 8.63699e-10 8.17462e-10 2.14976e-13
7.50723e-15 1.30386e-14 2.65957e-12 3.51488e-12 1.13007e-13 6.08124e-14 4.16788e-15 2.31242e-11 3.06361e-11 1.13539e-14 4.53295e-13           1 8.71101e-16 7.07823e-14 8.20923e-10 7.75641e-10 3.09807e-13
1.06322e-14 5.59003e-14 4.62091e-12  6.1154e-12  3.4705e-14 8.30571e-15 2.51598e-15  4.0179e-11  5.3294e-11  2.5062e-15 4.18966e-14 1.16879e-15           1 7.45564e-14 1.42663e-09 1.34954e-09 7.19245e-13
1.62905e-09 1.55658e-09 2.34836e-10 3.10707e-10 2.79824e-09 7.85419e-13  6.6272e-13 2.04224e-09 2.70781e-09 4.81451e-12 5.83548e-12 2.80754e-14 7.82993e-14           1  7.2506e-08 6.85652e-08 8.01651e-12
9.09193e-09 4.96689e-08 4.43111e-06 5.86107e-06 3.71767e-08 3.75513e-10 1.02955e-09 3.85237e-05 5.10805e-05 4.41972e-09 5.74193e-10 8.20933e-10 1.42663e-09 7.24898e-08     1.00137  0.00129344 6.74608e-07
8.59719e-09 4.69724e-08 4.19035e-06 5.54262e-06 3.51527e-08 4.33265e-10  6.8121e-10 3.64305e-05 4.83052e-05  2.2865e-09 3.68478e-09 7.75561e-10 1.34955e-09 6.85521e-08  0.00129344     1.00122  6.3796e-07
1.32755e-10 1.41609e-09  2.1853e-09 2.89088e-09 3.75553e-09 7.11546e-12 6.41346e-12 1.90009e-08 2.51943e-08  4.5717e-11 5.34059e-11 3.18299e-13 7.17367e-13 1.25778e-09 6.74605e-07 6.37957e-07           1
